Test results: GP Error -- DGP Error -- Mus -- Sigmas 
0.00928843767976 -0.989624288654 5.63341321698 1270.23907475 
0.00430078362533 -0.945063255662 5.74502013263 876.075652835 
0.00640142886443 -0.94993105915 5.11143267046 2480.08140822 
0.0674179435939 -0.79294770459 2.60473596715 2934.3407122 
0.017983735189 -0.8038113835 4.1404255861 1435.33436884 
-0.0202573886923 -1.03065591751 5.06255382629 2396.78259547 
0.0258734699769 -0.850392464664 3.09484286707 3450.77667656 
0.107911926627 -0.941278735047 3.5083031088 2261.92836027 
0.0195882228886 -1.3263158138 3.78879423704 810.626069221 
-0.0121824939022 -0.924009843383 4.46121943003 2424.68128437 
-0.00960092167396 -0.994855412021 3.53763962124 215.414487839 
0.0028138049549 -1.02584737439 4.93984007746 3088.03876497 
-0.341779437464 -2.66314382049 2.69643326718 1231.84212468 
-0.00447733125628 -1.09909340069 4.84378012357 3577.63849876 
-0.0220035007336 -0.984337781363 5.03358744487 2374.16002763 
0.280347431157 -0.902023445174 1.39180903318 1542.24611765 
0.0396819136251 -0.841650143931 2.98282281221 3218.04002702 
-0.00481547190727 -0.975415813505 5.04646955037 2552.77785636 
0.00013792975074 -1.06911705176 4.62899967279 2515.05436962 
0.0962620122383 -0.800183141268 2.22746409784 2833.37339122 
0.0287081577902 -1.08754376715 4.36196325816 1854.37619958 
0.0184806031589 -0.945841467824 4.98506063583 2762.75102866 
0.0644683574107 -1.29858762753 2.71420924473 1679.23156383 
0.002110657977 -0.961428685965 5.12038690012 2483.97863975 
-0.00895945316936 -1.01939918205 5.50631125028 1801.97600334 
0.097879480308 -1.16686674931 3.08796491065 1371.1152546 
0.0052977685011 -1.08173730293 5.12714195209 1352.24870558 
0.0165179699734 -0.899261480102 5.57570206919 658.159132773 
-0.028899857454 -1.05002822961 4.25407690829 3812.03625599 
0.018970017386 -0.975900861107 4.17207683264 3144.60843597 
-0.00415477457804 -1.07989315495 5.09091004817 1597.55795597 
-0.80813308004 -3.38880533446 1.92066061382 1437.96171755 
-6.07397045098 -31.629513784 1.07113774472 1075.12480156 
0.0405058377307 -0.958256180973 3.87935492125 3126.44697452 
0.028824471127 -1.03131030253 4.143422824 2544.53965827 
-0.0373517274974 -0.883435785622 3.32137966132 4221.8269888 
0.00208740259955 -1.11867733066 4.92963351905 3757.854353 
-0.0371452829878 -0.882190565114 3.31802593501 4226.20674709 
-0.0151799633994 -0.828546581617 3.0689530093 4209.14594098 
0.0790351326788 -1.30092233482 2.77852549196 1613.53765746 
0.0051820053473 -1.08318672103 5.1170395926 1372.67726931 
0.096790495364 -0.729468058885 2.32577328232 3045.85501057 
-0.0210471751323 -1.03216154283 5.07680308976 2344.19711932 
0.0108027621258 -0.97536056287 3.81494071917 3622.93621625 
0.023670853409 -0.936608021308 5.01501367802 2727.18317529 
-0.000904223996916 -1.05013297116 6.33466183702 155.690278431 
0.059482572522 -1.15820472349 4.61439302083 1078.51645416 
-0.0290431274448 -1.05024788679 4.25466077728 3813.46531999 
0.0424522102509 -0.90651953767 3.95657696797 2235.1697696 
-0.0160567394436 -1.05206770437 5.21427588003 1700.38631226 
0.00593602858734 -1.10313252064 4.81539032312 1867.34002002 
-0.021865241019 -1.0449762935 5.1457974717 2030.3892282 
-0.0602582842818 -1.35729994659 2.0928017308 1817.2120142 
-0.0184704148991 -0.987439962975 5.06431366064 2432.26040913 
0.0755584772042 -0.936824973123 3.72065349902 2673.46524892 
0.112799639708 -0.954135039344 1.89036871909 1963.93794779 
-0.206206557875 -1.50297484151 3.22864473337 455.751310309 
0.442946995159 -1.77360008351 0.970845809903 1023.13810881 
-0.0196300924482 -0.983050246572 5.12943852461 2051.27219652 
-0.00848426404865 -0.965094202664 5.11504740076 2340.94919048 
0.0713961868837 -0.737919869452 3.49041029774 65.9405468711 
-0.0423410346674 -0.978137192574 3.82278157475 4142.37812055 
0.000349527879391 -1.05199505579 5.84653744696 1483.64585952 
-1.02513828581 -4.31657665831 3.9379084861 280.432380275 
0.0688880915809 -0.731915986903 2.48607916481 3487.44694351 
0.0110328206634 -1.01438536038 4.11157141586 3556.03331209 
-0.690537759633 -3.00162396023 1.85481898655 1515.43705265 
0.0152777400724 -1.08719367795 5.14129204115 1139.56850703 
-0.0121383686034 -0.993298741784 5.27448107146 1797.16460716 
0.0644160129071 -1.03048750568 3.22044901814 1800.4335508 
-0.00566395460645 -0.986218635431 4.51757746061 2971.36544583 
-0.104911209377 -1.30661688358 3.21578115388 600.115027332 
-0.0376731215453 -1.09384307365 4.44477529701 4036.89891229 
-0.0262464109622 -0.971540514125 3.74435812658 3849.43735026 
0.0428201477192 -1.03175232564 3.95510368842 2107.41384686 
0.0304167975385 -0.94369069917 3.51475034306 3331.83077592 
-0.0234899660365 -1.05901975151 4.34864449916 3754.27288663 
-0.0704104854155 -1.44442781594 2.01128060517 1651.02976129 
0.0506703556283 -0.946559328612 3.8985055039 2901.98619511 
0.0523069600757 -0.900550433372 2.57567445228 2736.30625798 
0.0040972786296 -0.961357524216 5.10470150887 2536.98029625 
0.0744182142793 -0.904088092496 2.45149127029 2204.42700399 
-0.0367532467019 -0.974488483576 3.76212662046 3940.82330458 
0.0168574606023 -1.04677092063 4.33748594603 2619.34592379 
0.0740963244428 -0.934530546382 3.75518462961 2614.34330486 
0.0424246482307 -0.828874570905 3.81498488063 1410.71992129 
0.024129126105 -0.930875194386 5.0075874599 2709.16618642 
-0.0396708400299 -0.912152591937 3.43554129535 4120.78950803 
0.00855287423627 -1.01901507035 4.14986191014 3602.96657031 
0.00966800628837 -0.870983533805 5.08029974096 2111.91022585 
0.0191560581129 -0.936957464786 4.18968096696 2670.72723199 
-0.192200881593 -2.04878671318 2.88249731797 1078.65248155 
4.70906977892e-05 -0.655809683258 5.23309762078 241.446522114 
-0.00152273653437 -1.05610523383 4.78177899334 3376.92172087 
-0.027304957319 -1.10610090425 4.56465868124 4030.299494 
-0.0133298229142 -1.11703325529 4.73657779876 3953.0700053 
0.0743489620619 -0.941172094735 3.34536460842 2843.93975923 
-0.0743253358859 -1.4705225389 2.62819102995 1395.04971574 
-0.023320048476 -0.984887922978 4.9090337735 2568.72309506 
2.86777532984 6.74880608924 1.24399481707 1127.49601623 
0.0207567104293 -1.01473666456 4.10862205524 3213.27397091 
-0.0205064224589 -1.09642194684 4.56025254237 4022.2033913 
-0.0341434919212 -1.10180658238 4.5094921149 3950.31423782 
-0.0515957007622 -0.957501770468 3.69149375842 4140.81093202 
0.0377315432254 -1.08245217129 6.53787113995 46.5146035431 
-0.00466002460936 -1.00736577204 5.87836488424 1197.91334785 
0.0516632354402 -0.747592159831 2.60318083324 3614.4113209 
0.0569087487042 -0.947217073457 3.77417514042 2965.35209893 
-0.0338330349627 -1.02782133746 4.0977928136 4099.16234587 
0.114035450116 -0.706348765338 2.23269079838 3258.13235455 
-0.0102215285715 -1.0685408802 5.13516319947 1651.87302233 
0.0497869843759 -1.2387292648 4.81258482599 332.577925271 
0.0021262298215 -0.808561516274 5.64739543106 201.21840065 
0.0159900772693 -0.986229432876 5.04754651081 2888.75220158 
0.0149315476118 -0.957329016539 5.63822439716 902.445269659 
0.00518970027747 -0.987837756808 4.98857351266 2838.20360881 
-0.00328340749946 -1.09263111348 4.8643333734 2005.9369262 
-0.12561343398 -1.72377415751 1.75637962354 1587.43063328 
-0.0210269453021 -1.03151377133 5.23465214498 1960.38280808 
0.00689274076107 -0.876322573865 5.15310658575 1977.41379837 
-0.0475655921414 -1.00034853998 3.90821780803 4012.88927938 
0.214447731275 -0.868553233369 1.57881084051 1785.36752796 
-0.00325530501966 -0.83677175893 3.12045401914 3974.15852519 
-0.0764095158947 -2.43847625935 1.29254196435 1306.73861552 
-0.00828634867069 -1.07201045997 4.52769207527 3898.21008708 
0.0552165306763 -0.947752479798 2.33759089764 2391.74219779 
0.0157976085528 -1.34730436697 3.7899980302 786.868573374 
0.0356516919441 -0.876618817389 3.16297160482 3214.69215914 
0.0626769382234 -0.943978804978 3.75251156941 2890.9502991 
-0.00999774364796 -0.869765958315 4.56989042227 1698.37154983 
0.0199699629475 -0.979791401283 4.05719551656 3288.37731561 
0.0553468470499 -1.21638382694 4.85723360597 395.161089844 
-0.00584988546452 -0.974236204016 5.69917970432 1371.92547699 
-0.0387556814395 -0.960614139304 3.73744378512 4136.895442 
-0.00625966395038 -1.04559528467 4.63331233339 3345.39201134 
0.0619275461196 -0.735919259702 2.50095682111 3734.51539994 
0.162255262663 -0.860095397846 1.76633044213 2027.53212501 
9.48978117779e-05 -1.05332915115 4.56420919171 3496.17451767 
0.00856832588622 -1.0474181319 5.25197864803 526.966361026 
0.0759746752213 -1.22419514103 4.55839427956 606.153946658 
-0.0147123786592 -0.988332296515 5.15580013549 2269.32690605 
0.0340944281895 -0.940601687742 4.07625447518 2746.30189821 
-0.020420562697 -1.04015198606 5.22764241669 1876.82645119 
0.0200458913037 -0.92990618222 5.03492837667 2628.71060315 
-0.00229422461901 -0.961483782207 5.91393403516 776.145259629 
-0.0287576941157 -1.14052659919 6.30198962069 102.805398819 
-0.00396001496148 -1.05290003945 4.75095607716 3244.72482671 
0.0567897496856 -0.947653250369 3.68797149962 3027.08011761 
-0.010466129623 -1.12050042054 4.8129704474 3768.06090663 
0.068079062938 -0.978988893371 3.08875045907 2086.13384232 
0.00804928736116 -0.997460497894 6.06997432775 614.47416774 
-0.0153142406324 -0.909282883372 3.47773785977 3975.6072811 
-0.00139195516844 -1.0040070443 5.45440641287 1621.8405407 
0.101129317552 -0.733282643851 2.29820562642 2952.1182174 
0.00160313742781 -1.27940052829 4.79085796713 168.040623626 
-0.0086278841662 -0.965942889195 5.7364622609 1221.9794188 
-0.00453955990386 -0.944426196766 5.20918155658 1060.66265927 
0.0105447427138 -0.847306408881 4.17033527459 1839.95195993 
-0.0205330628992 -1.03121406377 5.06684479691 2380.13968573 
-0.153248445072 -1.69399488968 2.73438960554 1224.52539641 
1.19925544712 2.35965103628 0.963356351562 956.229270479 
-0.00429947231396 -1.09352910882 4.74066155671 3843.27826184 
0.0800994319014 -0.906423964322 2.29013734263 2154.96553415 
0.00727935019017 -1.09720238136 4.97737560557 3538.81829524 
0.0125684627337 -1.22922600852 3.0172476853 1348.51878538 
-0.00321141898609 -0.996874538614 5.57893585166 1688.26156072 
0.00199159191918 -1.04904859162 4.53768173763 3150.10200996 
-0.00806853743248 -1.08891746962 4.75513470891 3562.56489968 
0.0541960702273 -0.945418229721 3.86296119324 2891.98990138 
0.00246610438781 -0.733249981115 5.4181874074 312.198977394 
0.0667361833761 -0.974208492397 2.75136169995 2431.76542461 
0.0440930716699 -1.11956207559 4.31395869815 1450.07949386 
0.0676049425621 -0.845995312928 2.69768633616 2637.38148431 
0.281701420387 -1.03023343576 1.30614547162 1404.8942394 
0.0126861357101 -1.07194621337 5.22812769222 465.101198005 
-0.300448310139 -2.53967275417 2.65841694641 1283.26862308 
0.00841789485692 -0.969292791426 3.77837919758 3662.56963965 
0.0325746428055 -1.01282071678 4.0191574244 2773.63647872 
0.0884853773705 -0.935350300141 3.63905908093 2520.52631872 
0.0171185859061 -0.881290839677 5.02237690994 2340.33567699 
-2.44588946989 -6.90086533326 4.35576914189 62.3735372036 
0.000985319105805 -0.966420971074 5.11352632407 2514.69827407 
-0.0247858515425 -0.851720476216 3.14920206556 4217.16019128 
0.0241514738856 -0.954476502307 5.01995591589 2823.69181448 
0.0790295574575 -0.583744301743 3.74191648613 50.8679027836 
0.016775541108 -0.910028136257 5.56727218711 678.64055411 
-0.00342428617768 -0.959074085025 5.78205650603 988.155972194 
0.0072121415559 -0.822088348138 5.49813962439 276.730878501 
0.0256704766246 -0.949456166837 5.00427118146 2828.99390887 
0.0241392079024 -1.01725936214 5.01102749909 3191.56242886 
0.716738200355 7.9443420142 0.698245081955 756.924621006 
0.0130557100297 -0.964108397506 5.06164887049 2718.54004215 
0.0339241069625 -0.818314813419 2.92450453625 3411.40951325 
0.031435369289 -0.919987022019 3.41250947636 3252.76942098 
2.39147183488 5.08696155094 1.30341885601 1158.96144565 
-0.000688361732167 -0.960832747984 5.61229164762 1394.91075235 
-0.0107627614687 -1.01580721293 5.00024800853 2698.41544012 
0.0556496422796 -1.05381600404 3.54652495146 1603.66086572 
-0.00389774111058 -0.964333878184 5.7164665055 1193.77526839 
-0.000280001476268 -1.03944286666 5.81045186485 1491.47530254 
0.0523007939048 -0.999308518228 3.71637879514 2330.53988057 
-0.00162194302987 -0.846107294622 3.16037102188 3915.50947267 
-0.00855162991598 -0.964749730485 5.71995835389 1256.14731566 
-0.00592249590985 -1.00791961347 5.00568166681 2837.15825713 
-0.00642997221439 -0.82235996783 3.05321775825 4095.99110526 
0.0363362876309 -1.13239610781 4.72214761741 1396.61776394 
0.0154206035453 -0.951759013457 4.24020925987 2826.53136758 
-0.0194060267829 -1.11652159115 4.67771035105 3988.36333917 
0.00992224806054 -0.871105300728 5.09174835899 2092.41160186 
-0.00679556957602 -1.01478309108 4.61293793073 3127.56292582 
0.103779308748 -0.976661166068 3.37969810015 1577.00594328 
0.00262198521206 -1.06091607927 4.84516262973 3461.80610156 
-0.00371373493744 -0.943801847659 5.50142437211 1594.74436871 
0.052729195528 -0.969834652345 3.55751767158 2619.66032129 
0.00323989073876 -0.975883284978 5.00439274476 2726.22363307 
-0.0204832367421 -1.02473020493 5.2473022473 1992.9632219 
0.0167371274037 -0.881847373021 5.0323377747 2322.74311176 
0.000633523588887 -0.670355927712 5.26173590147 263.146294111 
0.0196089166867 -1.0030982188 4.9859144226 3100.52419755 
-0.596895020598 -3.14118086723 2.40935171495 1422.54394246 
0.107772993004 -0.960520324598 3.21345444189 2412.89397384 
0.00588781149194 -0.919110952362 5.72952069559 713.443428686 
0.0122884290702 -1.0301354552 4.27490847155 3311.8998631 
0.0756908742969 -0.918885477017 2.33321865778 2133.5479764 
0.0162800362128 -1.07752540825 4.99957428246 3513.63118352 
0.118417103623 -0.951914127653 3.40833280894 2177.84544693 
0.00611534054923 -0.80539916254 2.85715536517 4089.41548764 
-0.0390021493243 -0.973919401186 3.75929200911 3962.63460269 
3.1150121239 6.52563734823 3.6229264544 436.14740887 
0.0241619949198 -1.000257895 3.33751899384 840.485746582 
0.0334831575983 -1.00011208314 3.93103137989 2938.79692738 
-0.0740010016764 -1.55619277338 1.79174600906 1626.05976911 
-0.0331566861681 -0.924722050388 3.56111292229 4130.36515924 
0.044301205643 -1.12329034467 3.12092310903 1490.82663898 
0.0648538652715 -0.943816000204 3.7110225281 2896.84913964 
-0.0237633702812 -1.0624592855 4.33435221296 4054.82472347 
-0.00349196202649 -0.936965306628 5.1222737978 2256.64419517 
-0.0781448303021 -1.44730955222 2.34276279822 1549.64416296 
0.00165591511164 -0.98203115558 4.41472264529 3017.11340403 
0.0175242525574 -0.882455628342 5.01423203093 2364.38736748 
-0.000400172290487 -0.931221690044 5.79281615272 739.759753088 
0.0121810226904 -1.1878688902 6.44109783828 977.932662638 
-0.0126648935748 -1.07639258397 5.036897713 1894.70443758 
-0.00547626493072 -1.01909828926 5.57715148481 1740.62310925 
0.0496562238888 -0.778054721814 2.70236029721 3349.21392414 
0.0327631687423 -0.933005013845 3.48129513328 3217.04728294 
0.0164562953881 -0.899318368944 5.05551204015 2380.94057375 
0.000361256194573 -0.9880405756 5.06386184671 2720.42786057 
0.00942050994453 -0.977449467526 3.86288679627 3507.74575531 
0.00449883515582 -1.1118750155 4.95668306629 3659.45587285 
0.00506629915786 -1.0744525692 4.96439535058 3365.54050836 
0.0160922383039 -1.17257708397 2.52634982032 1682.85607697 
0.0658911975377 -1.16800363041 4.63778225457 942.090957327 
-0.0451073267796 -1.02783075955 4.07341090865 4119.9324024 
-0.00613160076415 -1.10220794571 4.82443833873 3612.30756684 
0.0454980948846 -0.824919583783 3.77339678724 1305.01319507 
0.00885301660842 -0.907552287593 4.22363654613 2361.28185843 
-0.0160041265951 -1.04737703309 5.26167987189 1665.60150317 
-55.9180700944 -142.273335226 1.61834761273 1348.66235993 
-0.00658106557894 -1.0483240457 4.59703480866 3397.58261866 
0.00143320972707 -1.060054877 5.25014127595 1217.56361192 
0.106737942909 -1.53493760235 1.30677106282 1322.42366389 
-0.00283211824058 -0.965994327166 5.19854849599 2271.2779949 
0.000481776143791 -0.98836861761 5.42186800953 1211.78499672 
0.00514605274446 -1.2702502288 4.80668242959 174.376248887 
0.0914054587369 -0.953803163252 3.15606061403 2567.13769456 
-0.0139237989523 -0.985382525564 5.15919425837 2286.2141217 
0.0108358996403 -0.948823506208 4.99746616312 2681.43573363 
0.0576425031326 -1.02600724381 3.61424352326 1848.39412852 
0.0079938162122 -1.07874430526 4.90934822075 3595.87780202 
-0.01918588392 -1.08440881306 4.49974408065 4021.43208822 
0.0190225293615 -1.05554446294 4.99811274464 3403.65634495 
0.042959229488 -0.779318455766 3.96951930511 789.817481584 
0.0354621575812 -0.781271670931 3.9738591097 1118.06112103 
-0.0163290708873 -0.989399535721 5.19881511832 2030.65299297 
0.0156758412935 -0.800577123253 2.78781964393 3991.22638632 
0.00942646909179 -1.05423775791 4.45325887824 2666.21523004 
-0.0337288279524 -1.00282666119 3.96132732587 4100.27426319 
0.00553686813529 -0.9724945175 3.80167807068 3708.55538759 
-0.00514510359754 -1.00242739668 5.91474918306 1081.1675629 
-0.0163658337643 -1.06202950046 4.44246330177 3660.5312633 
-0.00528839816716 -1.06857273509 4.55020445791 3829.06692695 
0.0623304923143 -0.975993180347 2.43006248928 2012.01581059 
0.00708982563625 -1.08127173163 4.90031739306 3619.10192713 
-0.00967026962756 -1.0079733443 4.98079150338 2823.70141257 
0.00951299399363 -0.968546656723 4.99266357689 2779.99330472 
0.0438040503644 -0.951275380398 3.94918702989 2963.6506897 
0.058612759649 -0.997547793761 2.54335350391 1965.14995558 
-0.00134731526479 -0.911372511485 5.38077456383 1658.93575044 
0.0117348852161 -0.901596839171 5.11330192257 2237.50447154 
0.0148939638292 -0.866884244644 5.47197086983 516.698179338 
0.0117997722844 -0.904616919263 5.0115577175 2434.88250339 
0.0225907721556 -1.0342000805 5.03133933721 3242.79655489 
0.0374745358584 -0.955264436168 4.00770296097 2995.38428752 
0.00277670339548 -0.989972587238 5.49449447903 1664.50333723 
0.0429261076075 -0.856083978714 2.65614096871 3140.30916673 
0.135777514246 -1.01319084519 3.1714669763 1872.85214304 
0.0100701160707 -1.07146449588 4.51273772845 2337.79793844 
-0.0124673447526 -0.823405639856 3.04299999146 4199.70012202 
-0.0215229816756 -1.03092189171 5.09953444507 2287.74935208 
-0.00402132482575 -0.957009491495 5.79512068291 950.137119146 
0.0216438993007 -0.920691968962 3.45829679403 3438.21976559 
0.00312716901566 -0.942683419957 5.38250307552 1796.97342811 
0.00491442448033 -1.04022343052 4.37531612952 3526.9596412 
-0.208171895588 -2.13908621287 2.52775914109 1449.22118621 
0.0152947016814 -1.02423480044 4.20989916363 3288.75310503 
-0.0099968409813 -1.06381789295 4.57784949292 3531.86059903 
0.00131771194992 -1.04957072257 4.5413641375 3356.83113212 
-0.00563568655231 -0.940362554699 5.55762654063 1444.26163422 
0.0436815969444 -0.792551834717 2.78073081702 3362.7325626 
0.0579831754096 -0.893215101187 3.77866632469 1867.94198427 
0.000801016846625 -0.841932131206 4.65961037919 968.081422096 
-0.052402861746 -1.01085850624 3.97084327342 4117.71853851 
-0.0264255801334 -1.33095241536 3.18064948168 1087.53234988 
0.00031951572348 -0.872236178566 3.0705281519 3750.63340785 
-0.00142014089716 -1.05057684681 4.92071767388 3195.67175023 
0.00896376824152 -1.09295923304 4.98890671166 3513.59680825 
-0.0901939585036 -1.44632372988 2.11530020009 1775.79579716 
-0.00426002731323 -1.08140640133 4.75723450491 2290.20486323 
-0.00263705531498 -1.12451746888 4.89584372882 3802.75721887 
-0.0490640015521 -1.04922071748 4.17320321766 4075.35559252 
0.000471862998434 -0.915041603502 5.78478748467 646.42002462 
0.00617423913774 -1.01076667493 4.07341582436 3684.48970606 
-0.000149018948546 -0.972774519331 5.10106529446 2563.28099637 
0.00382356950331 -0.938772671866 5.29155382937 1979.98037402 
0.140897445029 -0.71634615502 2.09342020907 2944.03199387 
0.0638198444753 -0.889520396796 3.6548459784 1583.79384975 
0.0183608028149 -0.930075155707 4.18427311583 2590.82565676 
0.00930728900576 -0.906132518252 5.15398763434 2156.44068912 
0.344228824044 -1.02046389902 1.2222273941 1321.33543217 
0.0177986262455 -0.833494810952 3.05441981329 3642.21988085 
-0.00283919275263 -0.938484088227 5.8137056462 232.304117628 
0.0914089801473 -0.720305376429 2.35409175338 3247.04410185 
-0.028946173802 -1.10683926246 4.57139743545 3899.25399538 
-0.000495597804946 -0.974922645147 5.02077709635 2648.422345 
0.0993912215889 -1.22875107832 2.99938756345 1413.93721835 
-0.00190038278133 -1.05695809266 4.70844382727 3414.1019714 
-0.325964397066 -2.11349095002 2.14405648304 1600.82492772 
0.00683427238207 -1.1721027877 6.18442124728 1142.06430527 
-0.0500685618231 -1.04505008631 4.14829183737 4052.83119589 
-0.0100272701345 -1.09435251122 4.73715850789 3616.8707431 
0.0159782938124 -1.05592701093 5.02871138229 3301.12104804 
-0.115954403733 -1.28683923511 3.28549702583 443.383053127 
-0.274376652957 -1.98189238583 3.20323082684 784.772744757 
0.0338459941438 -1.01414991635 4.01426387177 2701.22995801 
0.0294678203567 -0.847426599567 2.76834453796 3417.97697228 
-0.00788766187915 -1.03376529615 4.76127015524 3155.50167418 
-0.0156225887228 -1.01837796976 4.10708361385 3697.9923525 
-0.0102915522765 -1.05170339439 4.8154879567 2900.8755161 
0.112996842588 -1.12773641929 7.29433393119 12.0638785674 
0.00172749452605 -0.887266547197 4.2719942349 2177.01802935 
0.0664310492731 -0.970229954161 3.37583743834 1215.20722345 
-0.0173048562649 -1.10620231511 3.27077348395 723.322540879 
0.0167354723967 -0.990578873143 4.98179657393 3001.56179141 
-0.0363210154121 -1.07061170925 4.33552068981 3897.2303182 
0.0390947648091 -0.894732965365 3.95430879807 2113.49471595 
-0.0075372027077 -1.06110105774 4.72668792865 2735.57181566 
0.0631800696695 -0.732445091406 2.50501286069 3654.47615147 
0.0627816169341 -0.941081194236 3.4395590513 2989.09888696 
0.0443152651639 -0.907880750308 2.9265158628 2997.77398603 
0.0833718405032 -0.957987758442 3.02079162527 2545.25108089 
-0.144667959159 -1.67564582981 2.28086523272 1673.2460854 
-0.00191577503096 -1.0161418188 5.79942531533 1405.49946716 
0.00350128193524 -1.06975450648 4.84546212785 3557.82881346 
0.0500775632244 -1.06118663256 3.78717785167 1595.60738707 
0.0677647597094 -0.94540006015 2.74595890492 2145.4618445 
0.0253414486367 -0.894595168112 4.0653139106 2197.41179481 
0.0595565692642 -0.753082165833 2.50386402942 3722.47581628 
-0.019918121183 -1.01511414278 5.21929585748 2093.52922013 
0.0948176538235 -1.10591298366 3.16998586366 1350.87266872 
0.0787792523644 -1.16712952586 3.1223598842 1277.34974057 
0.0120938363154 -0.996611355331 5.04802025444 2908.05018871 
0.00230427543769 -0.986309639014 5.47404939479 1709.18019726 
-0.00801542283471 -0.984069011737 5.09181853758 2546.03234029 
-0.00445405145268 -0.970901918387 5.1604219148 2370.05736395 
0.00810473718036 -1.06977671946 6.21546071175 797.602096129 
-0.0173015106694 -0.989668407213 5.04114025802 2521.40668082 
-0.00186815306223 -0.854356613622 5.70775616331 484.14798042 
-0.00508317326368 -1.00714592711 5.01190867374 2834.87769046 
-0.00934811998887 -0.630718291227 5.34621894125 72.0397866229 
0.00236514750151 -1.11830595515 4.93744707551 3732.46439072 
-0.00741516129485 -0.978326214604 5.13043409002 2440.05790878 
0.0347813088213 -0.88298714104 2.85406772863 3171.18315957 
0.0631907273425 -0.908267610346 2.99711000334 2516.1258418 
0.0291635539414 -0.771716181306 2.69123311159 3991.9220502 
-0.0112883393027 -1.00998060261 4.70396715029 3013.50682217 
0.066548387861 -0.934662133983 3.81741839615 2644.21171554 
0.0071271157069 -1.00578827366 4.96980785291 2992.03856692 
0.158146082063 -1.80581207547 1.15310763149 1171.07137437 
-0.00533707627166 -0.81503509481 2.95125055048 4175.52553938 
-0.0116738616147 -1.30169279732 2.98475002146 1278.38234246 
0.10838354834 -1.22358804213 2.94832999131 1506.5653848 
-0.00903630746071 -0.965342789258 5.12647752201 2314.58787239 
0.0961205579738 -0.935780937708 3.54491615892 1842.70175293 
-0.0357213391202 -0.901377619262 3.44479538698 4185.07438244 
-0.0127453136507 -1.04621173382 4.88614802324 2815.61803248 
0.0340420715025 -0.978215738124 3.77075940457 3098.8285796 
0.000674581209144 -0.926352768444 5.4053156268 1678.67862062 
-0.0259579844904 -1.11156729541 4.60249401821 4015.37751291 
-0.0467820994826 -1.3358095942 2.22364145351 1837.90850489 
-0.00901031313329 -0.878524834187 3.14917664661 3856.8259497 
0.124796732057 -0.963883114709 3.31746861072 2142.75733251 
0.0124495814554 -1.1999455525 6.47848869434 850.636841004 
0.00339390376159 -0.981554657776 3.86128844744 3743.45197479 
0.031254419116 -1.30365303821 2.59284049656 1761.92550634 
0.0399188220642 -1.13762681027 3.15739865881 1429.52054539 
0.034057636075 -1.11940420023 5.14002180551 700.413363187 
0.0847484686195 -0.936424939117 3.64914904552 2597.60585603 
0.012776557911 -0.971031260222 5.05918610009 2758.60292414 
-0.0126907093463 -0.964871591363 5.14757885143 1566.74139076 
0.0605608512096 -1.25791125295 4.11715311151 798.16386059 
2.17077272646 9.883521208 0.922208597551 942.551573445 
0.00597264070094 -0.992294310914 5.57613657627 1475.04764104 
-0.010214352629 -1.02044480784 4.98274031303 2750.51900598 
0.0527463908847 -1.1467281036 4.45342563953 1251.01297035 
-0.00122005222971 -1.1067045909 5.84783876411 1417.28684085 
0.108234439903 -1.01131866394 2.96672370024 2172.36071628 
0.00248940495457 -1.00051669946 4.08368870609 3512.30348252 
-0.00114994057507 -1.0276695116 6.0169656892 1016.19869645 
0.00366493362603 -1.1005912418 4.88843896141 3745.73605053 
0.00520690424243 -1.05556056442 4.9814978264 3234.38040596 
0.0678323869999 -0.960464186716 2.90564429234 2128.41550124 
0.0678090198708 -0.873322860924 2.74718564081 2507.09806703 
0.0391517441698 -1.00171408 3.89505701132 2717.92139991 
0.0109220262648 -0.87282891946 5.05717062602 2175.6373662 
0.0114525055407 -1.09270262712 4.96964178962 3622.65443072 
-0.0534097696498 -0.984065433131 3.82783584028 4117.54746703 
0.0487232699264 -0.928325017645 3.33978391653 2861.83359247 
0.0170859281832 -1.04518373551 5.03350353867 3243.10231633 
-0.00735441620494 -1.0354983288 4.72924854444 3192.46102325 
-0.00944177042194 -1.00792322157 4.98296501661 2823.6338684 
0.0627656443657 -0.940902525669 3.43319608798 2988.29345782 
0.0349005761568 -1.07579310125 4.21352949312 1822.68347503 
0.056316425961 -0.889004659973 3.77936370495 1830.57994839 
0.0418585984029 -1.21851493606 3.86225846984 961.440059419 
-0.00182017141041 -1.01060432201 5.42379213827 738.163130395 
-0.00558222062241 -1.00159801667 5.02634893933 2781.32658529 
-0.0264969602789 -0.901093664287 5.40657151522 78.8657771747 
-0.0138805016745 -1.46556769748 2.54626418484 1661.59206463 
-0.00639938246628 -0.980700536423 4.51306740109 2926.32954169 
-0.0112496617003 -0.973509895538 5.14217855357 2290.90942072 
0.0610191129681 -0.936885132638 3.21446921351 2517.37511944 
-0.0356920097653 -1.05672554985 4.2525704852 4095.41567924 
0.00736035274462 -0.86609781062 5.46874444448 405.567651274 
0.365015865249 -0.908126361248 1.26156647421 1402.72696205 
-0.0173685103931 -0.990232293368 5.03354459677 2537.7203255 
0.0373625623292 -0.893180586319 3.23420523989 3157.13168794 
-0.0169771370692 -0.837413353647 3.12662834881 4179.94190989 
-0.00606594968439 -0.887730339898 4.90125832667 729.530335604 
0.026243500109 -0.905014781917 3.5856833662 377.375933428 
-0.00402738700264 -0.999934526306 5.78985784269 1337.53452003 
0.00750052721083 -0.830232500465 4.55676372144 858.089338124 
0.0960067342499 -0.725505805704 2.31395571032 3420.26920703 
-0.00821894311675 -0.982890628354 5.06048746325 2515.81333152 
-0.0103125762131 -0.935696276324 4.45336017229 2543.94527105 
0.0787070273083 -0.942175565304 3.35448771836 2798.91534698 
0.00776479452858 -0.925403016618 5.15530850169 2252.30885126 
0.180022788862 -1.48191255836 1.23503024864 1265.12176006 
0.0376133303624 -0.826175187734 3.87295190227 1472.52678278 
-0.00432780741025 -0.978773538471 5.31846440061 1297.62280214 
-0.0136121762415 -0.98104868368 5.20577866553 1702.14641001 
0.0219812662865 -0.919475210564 5.01778920471 2612.03774061 
0.00329070100961 -1.08561967623 5.09101440532 1454.18603729 
0.00521328102888 -1.09760364743 6.18899700476 1077.08191882 
-0.263260295649 -2.22562770233 2.87877570023 1049.08427472 
-0.0260290623716 -0.967542889023 4.88936511281 2347.07490377 
0.113276168272 -1.01607292106 2.98385503107 2129.31779557 
-0.00798875020908 -1.04983357115 5.60531538946 1686.14688166 
-0.00393088596494 -1.05818657013 5.71044419699 1639.52822062 
0.00244902409164 -1.0022414862 5.49469990721 1343.90327624 
-0.00863854599846 -1.08807912665 4.63840003607 3908.54516078 
-0.0198928420777 -0.94728285675 3.67268057015 4004.14476951 
-0.0313849239096 -0.873539001218 3.24649975234 4186.19347822 
-0.00480839281844 -0.978434318808 5.19047512441 379.52680559 
0.0945385807293 -0.896889121103 2.12678731932 2132.78665898 
0.00591689826859 -1.09694300532 4.90964584777 3706.13654084 
-0.656162160672 -3.08556288207 2.24676566705 1491.01655617 
0.000754274904846 -0.907713451239 5.13891419588 2122.36011814 
0.0295510575745 -0.855688508961 3.10063878128 3371.21496338 
0.0385925146156 -0.884334564217 3.18163764463 3144.0578613 
0.0487418565451 -0.807766098051 3.89102910215 513.373686751 
-0.0176415522275 -0.975254761578 4.65107657297 2754.45985311 
0.0139687166241 -0.960320236881 5.58623625292 859.958700087 
-0.0197412936303 -1.050890675 5.16616264024 1885.23927719 
0.0541940561009 -0.941839859227 3.47338089616 3084.64335562 
-0.0235950179396 -1.12040702962 4.67408845969 3911.6979738 
0.0158290484121 -0.980907821072 3.96443755506 3405.44842955 
-0.0130002605531 -1.07844945643 4.51730284158 3967.47933167 
0.0125634411934 -0.896942851695 5.0123311098 2399.85948676 
-0.0449449817613 -1.35782213128 4.69880098795 112.179740081 
0.304328797469 -5.71154605569 0.855317776355 901.241546604 
-0.0336500557323 -1.10020701216 4.49719881924 4037.40568324 
-0.00843656500611 -0.966549292091 5.75330786973 1178.63737183 
0.00575855794245 -0.96877037947 4.35174492975 2938.56063642 
0.0339526233585 -0.864320411768 2.77652695779 3249.17552786 
0.0515934956387 -0.826620984068 3.65053631346 985.105221335 
-0.0257084149709 -0.965590568292 4.80945557141 2457.66535783 
0.0410903862781 -0.957805745134 3.87227118058 3123.76937872 
-0.0666554065349 -1.45172237877 2.66029994282 1386.23898954 
-0.0397751501676 -1.63836958461 2.59695296787 1537.05286235 
0.0130190607472 -0.877161386312 5.47324411801 514.318833755 
0.0230061614319 -0.931486793898 3.47342367665 525.383762717 
0.0104386640237 -0.98245762451 3.93035030242 3479.08298125 
0.0113739534727 -1.15128410103 2.30947329328 2002.68771541 
-0.00059617356566 -0.993636241831 5.42184006741 1303.00869902 
0.0438979217914 -1.12882899604 4.42880476911 1423.08247667 
-0.00807720682634 -1.03319663406 4.77677297424 3140.04285237 
-0.0239979026429 -1.03392466599 4.15812057747 4054.69720075 
0.107566545262 -0.707907696603 2.2646891582 3216.94390494 
-0.0169741396245 -1.05637963949 4.39350063533 3671.33283485 
0.0288873634495 -0.972952205714 3.75626616933 3249.95100794 
0.118169420762 -0.738056543933 2.18412860374 3059.91782398 
-0.00605844068474 -1.01729738028 4.97349651134 2920.38582209 
0.00517136741214 -1.11338499451 4.95710473697 3694.13945314 
-0.0126818840483 -1.05564944318 4.83376144571 2742.07576383 
0.0717740619128 -0.935043638026 3.77103467482 2638.54836416 
0.0443226965552 -0.811080201265 2.83833850948 3250.1749968 
-0.012635584756 -1.00183726004 5.79821600324 353.342831993 
0.0606267238836 -0.936496859389 2.86157828259 2689.33855145 
-0.0030740303569 -0.928462940052 5.24908330613 1985.47713541 
-0.0192193779997 -1.01648487765 5.26218042301 2017.45907552 
-0.2210019366 -1.83846975684 2.31138149432 1435.58360236 
-0.0108735619917 -0.904021739063 4.87017417559 1426.95152035 
0.0661579197246 -0.908151165202 3.7641601772 2003.61644513 
-9.42768421007e-05 -1.08777597859 5.0544793937 1583.12221644 
0.021894961193 -0.814512206289 2.76202525746 3786.08108619 
-0.00259589013237 -0.949543803211 5.56813048804 1450.79907198 
-0.0152314834914 -1.05268056121 6.28836891633 172.304902738 
-0.0433622647422 -1.05105191072 4.1986612019 4101.37663006 
-0.0256016847429 -0.975744940466 3.77211555481 3838.71085516 
0.00314112342039 -0.969187487825 5.69674789606 1184.34602279 
-0.00406108487791 -1.05299067077 4.73287009707 3229.44956826 
-0.00697505320044 -0.945020442522 5.15265282533 1221.61485826 
0.00326155893849 -1.07896011518 4.94396257058 3396.95995977 
0.021553773497 -1.47191286011 4.11324792477 475.267171492 
0.0459413848229 -1.02610245308 3.89119482173 2105.28607688 
-0.0529101676649 -0.971969225417 3.76635609777 4130.70431191 
-0.0146710537032 -0.903693341944 3.30340350061 3846.56366646 
-0.00751279040996 -0.919393127498 5.03060297121 1184.95013699 
-0.0335550848429 -1.10648148653 4.53375505144 3980.82174779 
0.102188096688 -0.958688809667 3.43489925959 1656.66689266 
0.0183568271552 -0.907833811411 4.9887394673 2550.90017838 
0.052401699946 -0.826802143104 2.83042051331 3025.17468542 
0.00782698524375 -0.872252976318 5.09966729847 2067.67594989 
0.000124983357916 -1.02067537918 4.94997079474 2997.75776373 
-0.0531041158872 -1.78355465337 2.70300134164 1384.35062046 
-0.0122710488923 -0.942075057986 5.0497852211 1482.01172582 
0.0190303456133 -0.955526626614 5.04256436466 2753.65946263 
-0.0060287556001 -0.971417442656 4.48488856648 2864.51122077 
-0.108095717271 -1.56492609716 2.9287329887 1123.99554079 
0.0566071102379 -0.944676922586 3.83849048038 2884.05668914 
0.0102029939034 -1.02488799308 4.21285870656 3505.48614165 
-0.0359241793024 -0.997325787246 3.90004007906 3906.13468479 
0.00915566567548 -1.0049699411 6.10089942852 573.599657786 
0.0184194339395 -0.885872062776 5.01541647179 2390.17802974 
-0.0185297325578 -0.986566338659 4.7239226261 2790.85596876 
0.0548425277925 -0.859746571203 3.63068602858 1271.75586881 
0.00287137333399 -0.891574097785 5.25524519047 1827.22134081 
0.00460940524608 -0.986390651268 3.93497186867 3538.17295865 
0.0390336486468 -1.06613751132 4.10538934964 1809.17969814 
0.0223597844697 -1.02005495965 4.14439380524 3047.75741983 
0.00206716043572 -0.975489069906 5.418599756 1037.80556725 
0.0358095420437 -0.986625876417 3.34603084043 933.174112241 
0.000571393145031 -0.977659723146 5.39606042642 1104.40061499 
-0.0193182185907 -0.960192652733 5.03557719926 1841.97172768 
-0.00434028750464 -1.0666190697 4.55259186217 3800.12875159 
0.046159203077 -1.1031002749 4.08662875125 1441.69374143 
-0.00819150503851 -0.986479344493 4.55290034007 2944.16018703 
-0.01690096988 -0.951366059075 3.69313778368 3975.37776247 
0.0312757459316 -0.959501382321 3.74254161216 3309.37632557 
0.00986628742878 -1.04480717869 4.9359819196 3328.470616 
0.0534652096318 -0.775530804992 2.53507587002 3637.40496441 
-0.0351262040929 -1.10031667499 4.4958395783 3959.20408521 
0.0559158634637 -0.93220204722 3.23005693245 2996.1111698 
0.0522102914803 -0.937574056131 3.38323268116 3088.60113738 
0.0572216142163 -0.919412069376 3.45514313804 1132.40518751 
-0.000539990879823 -1.06915907363 5.70564465338 952.706475368 
0.00228589914216 -0.978720535058 3.84455170154 3580.13974199 
-0.0020166557295 -0.876100127892 5.75653996641 510.848875403 
-0.00606908243358 -1.04087744107 4.85225553884 3150.54822741 
-0.0236995871788 -0.935464743914 4.74808555552 2177.50816984 
0.0726826376503 -1.23248270236 4.61821422894 522.405835787 
-0.0367390515465 -0.946976953213 3.67028260209 4134.76696073 
0.00655727451705 -1.0494398125 6.15967980501 797.518989587 
0.00845913193491 -1.18409832159 6.29540847303 926.372701041 
0.0266404423723 -0.854581118015 2.81301109362 3422.19211816 
0.0136650752981 -0.906271431156 5.00238888075 2476.27319284 
0.0105567493467 -0.873094275793 5.09463267188 2102.48071877 
0.0194987830397 -0.812725396566 2.96242202137 3698.32178026 
-0.000748454484359 -1.06323975758 4.74191678348 3528.7977396 
0.0576987646574 -1.0067466607 3.62537589848 2089.35085744 
-0.0085666377806 -1.03097701054 4.8001765502 3106.79011479 
0.0532663811163 -1.23397261821 4.81100490575 356.218708926 
-0.170175441093 -1.67090357754 2.10020004819 1694.81737721 
0.0126413917729 -0.920308135815 4.21209878479 2484.15936065 
0.0142644592399 -1.01474036897 4.11746699062 3454.92187816 
-0.00518868650062 -0.86355784519 4.71042835823 1272.76096362 
0.0235793109019 -0.970370793645 4.99091136453 2941.75961901 
-0.0074764549776 -0.972951147936 5.25144297037 1386.90943788 
-0.347197643467 -2.34151510537 1.57441010422 1447.54209815 
0.00190816111138 -1.01221222532 4.34638267229 3343.51513066 
0.0115476021477 -0.860288793728 5.45330315902 454.014546944 
0.0626946921844 -0.827072648281 2.45121688097 3048.45032142 
0.00358363846091 -0.86149807261 5.59617488635 261.695483681 
0.00213302645801 -1.04974096651 5.32308013586 1074.91657701 
-0.00406821766429 -0.905826949384 4.34790647327 2320.65504543 
-0.0160913585231 -0.901683264569 4.72871272678 1770.0133388 
-0.00856022788365 -0.804636761803 4.94422475345 137.805223323 
0.05882530414 -0.73578185409 2.52930269179 3702.15024747 
-0.00327606782018 -1.06505393253 4.56560349103 3758.91599602 
-0.0183434343686 -1.0953502064 4.57220787665 4009.98958604 
-0.443800405633 -2.48791895337 2.22346876002 1541.11895194 
-0.000586492473499 -0.959621814469 5.75778128574 1015.67237645 
0.278020276172 -0.990953562225 1.39142757886 1541.77789069 
0.0032020345555 -0.943430603146 5.23981267698 2116.84643327 
0.0185544048016 -1.00972896363 4.9831046577 3133.99955396 
1.94586120921 3.45249914558 2.19821442493 1350.38685639 
0.100800962532 -1.0914836289 2.83065793603 1956.26306045 
0.0487887160489 -1.10518874351 3.02991789299 1590.88330759 
-0.00610394504203 -1.00304363365 5.51415051576 1788.177399 
-0.00501310533397 -1.03050701434 4.57714326678 3280.18984955 
0.00996414801891 -0.970616134007 5.06711350916 2717.07904973 
-0.0208521525295 -0.92145147754 4.75205646469 1984.30024849 
0.00324805697547 -0.917722615585 5.47583528876 526.161677746 
0.03491702652 -0.784711692706 4.11546781203 797.580203706 
0.0362748889547 -1.04604794505 2.20531364161 2126.31051799 
0.0679954902702 -0.930196389356 3.81869415794 2523.40611248 
0.0728305308182 -1.11466822872 1.73993565155 1787.27731517 
-0.00697524630051 -0.968499180755 5.35887093183 1923.94802477 
0.0585273285216 -1.15502794933 4.73701006697 1000.91115502 
-0.0335791225185 -0.88054410132 3.28198829848 4180.03469551 
0.00943621303905 -0.871928028225 5.07667440865 2122.12998848 
0.281653997158 -0.78215509975 1.4912990091 1740.10879748 
-0.0264917987372 -1.00054547427 3.93631984159 3820.22699678 
-0.00786739639006 -0.976635858024 5.76832937107 1235.99783553 
0.0661417959335 -1.25005276996 4.65023258411 432.030314012 
0.0677985036388 -0.969733921418 3.12792278657 2160.33860534 
0.00719364727414 -1.1702267887 6.20047264607 1251.28913261 
0.0552308203145 -1.18630782812 4.05768342857 1023.37419641 
0.0471579213651 -0.85115953513 3.77529764343 1521.08011505 
-0.0421013644064 -1.06597427798 4.2835529478 3955.68051731 
0.0102750487871 -1.45556702593 2.97180488382 1183.44935225 
-0.00602928575169 -1.07090752366 4.75802971727 3429.93123008 
-0.00462842294395 -0.863316340014 4.37678021152 1900.03717939 
0.276991642601 -0.749324490049 1.55252399838 1868.05777806 
0.0369383253636 -0.949446367024 3.5998439318 3268.59782696 
-0.772321326216 -3.2586826376 1.74067225281 1476.09301133 
0.0364019618717 -1.07547300377 4.1873949778 1793.94873922 
0.171902552869 -0.883064672728 1.74233756048 1951.3756233 
0.00397684555884 -0.820264311867 5.62870793015 423.22790901 
-0.00108967046932 -0.941338997037 5.5011130456 1549.57283142 
-0.64694523578 -4.41809695422 1.16772518068 1128.53836522 
0.0183076222837 -0.779875448549 2.8204731991 3966.01632004 
0.0871655695207 -0.939220586887 3.57469024805 2652.14201916 
0.0110927320803 -0.986544280421 5.59261871011 1060.17950345 
0.0681491004572 -1.19427080851 4.781509266 588.041017493 
-0.00125865888753 -1.01516138285 4.09367120387 3815.99670112 
-0.0440346218954 -1.075753095 4.32554047034 4042.96001167 
0.0946349339173 -0.942134428164 3.46759291646 2603.05726277 
0.103360250934 -2.86202642757 1.00867612144 1023.08326528 
0.0124154055758 -0.936643376268 4.9968632042 2633.97504057 
0.023759783552 -0.93243382817 3.51699738308 3395.74099318 
-0.0489029255866 -0.970676263001 3.74919859798 4069.93836767 
0.0690576894539 -0.865296334922 2.70207588712 2514.99448805 
0.114373488841 -0.705637551969 2.23126980225 3249.51483691 
0.038944155404 -0.956097243304 3.97722103535 3025.63805654 
0.0337503130982 -0.953218538115 3.65082497362 3298.11458576 
0.0498823809652 -0.855423456705 2.95912437832 2973.00266827 
0.21604824887 -0.695823429113 1.79479027563 2349.82799873 
0.0336167770075 -0.776901507723 4.02927739392 1050.30373565 
-0.0295230232269 -1.06902001926 5.69357443946 280.558768915 
-0.0154740971025 -1.02599415146 5.00703856122 2610.47925937 
1.2840194561 7.23735991249 0.803451185134 843.704154468 
-0.000828582029065 -1.06461394692 4.73017915978 3559.49563091 
-0.0674374040562 -1.56801542992 2.9976547074 1039.80499923 
-0.0125403979203 -1.05867648144 4.37721629913 3965.37438685 
-0.000136921373378 -1.10288042389 4.8420561371 3802.25977808 
-0.00129171082664 -0.918614809451 5.49767996441 451.941355652 
0.0186680720734 -0.8388512565 4.07998851605 1748.99942407 
-0.000946355762426 -0.98409119215 4.45101493448 3006.80923078 
-0.0146885644631 -0.829317326676 3.03984662891 4211.05064303 
0.119998625261 -1.05304147224 2.95772557941 1970.02647072 
-0.0181178103637 -1.03161671946 5.01926344266 2526.69048462 
0.057948298624 -0.933148671618 2.81612543794 2691.69450084 
0.268220193975 -0.763435256859 1.56614522142 1875.12732342 
0.0145284431444 -1.0720338083 4.972226825 3513.32291208 
-0.0444813772082 -0.916046987761 3.47526437973 4171.36117773 
-0.0108981262876 -1.10490369338 4.70278726587 3941.83814621 
0.0764587082979 -0.96536595416 2.89406261325 2490.04976586 
0.0156772784377 -0.984149973261 4.17436360008 3232.38862411 
-0.121976036851 -1.55656958251 4.56352124738 92.5824038914 
-0.00241650653035 -0.973420097409 5.33252316317 1177.76801926 
0.000365922326328 -0.976282186875 5.08923335085 2611.5199961 
0.00603925465983 -0.926229139662 5.47794759228 601.297823724 
5.28160754454e-05 -1.02121534515 6.03399727009 925.592677757 
0.0672398415058 -0.943592379567 3.64781164794 2906.72206668 
-0.168142564774 -2.13326971655 2.76442437133 1225.72193872 
0.0160001375068 -0.967222267884 4.98509500117 2855.26601402 
0.0374636356816 -0.755628106726 2.65137857607 3919.68382641 
0.0665869283635 -0.988787733573 2.03268403328 2118.62876531 
0.006735028083 -0.920999182279 5.19887941326 2120.08849926 
0.00307716094777 -0.999271805414 4.39283790382 3188.5974995 
0.12401357247 -0.871571029468 1.9216734374 2199.86439814 
-0.985383151008 -3.13171650971 3.21243203276 318.48700357 
0.208117086611 -0.863229533992 1.64851670308 1883.97863689 
-0.00109043280046 -0.840790223995 4.59199197503 1243.48841163 
-0.00365213231803 -1.05420614411 5.28308448191 1300.10005301 
-0.031519743851 -1.08274328382 5.78240690398 250.347544267 
0.0479395963736 -1.36011881982 4.40744806542 372.617360752 
0.116885543448 -1.13386459874 3.0784238511 1485.88639335 
0.0714627681798 -0.919170002764 2.49307875433 2168.68651215 
0.0106465369126 -0.877795379318 3.2761147864 3655.98650294 
0.0792826379081 -0.942804217711 3.27658884101 2765.89934003 
0.033135199131 -0.927242374711 3.44541485698 3213.42240091 
-0.00767014918158 -1.06045475549 6.04354089641 387.111356178 
0.0189827041924 -0.907468264264 5.03549529206 2487.65724664 
0.00731138602615 -0.983729964918 5.63700481381 1321.66179851 
0.0424340397422 -0.776637327448 3.93366285463 904.088087453 
0.0199523427777 -0.884052782915 4.62217641932 407.73020344 
-0.0233963537205 -0.933848815181 4.75678611443 2139.50775739 
-0.319087999827 -1.84356367875 3.10431482671 625.53229227 
0.0825003203752 -0.739936975846 2.4217203553 3134.05662216 
-0.00843000381182 -1.07622611462 4.55892081439 3900.58318547 
-0.0497473385336 -1.02648610938 4.04917170735 4024.02869206 
0.0871527805952 -0.93830338995 3.59748511684 2627.88744787 
0.0738312085877 -0.739859860669 2.47512554539 3275.39801575 
0.00993415015323 -0.882254683553 5.12679653257 2083.76950186 
0.0054744836145 -0.991182500495 5.56505592329 1507.03086868 
-0.0328408629175 -1.02666750126 4.08900447683 3856.52890867 
-0.034037937441 -1.04174131936 4.17464652129 4097.54864783 
0.0114817062857 -0.973920933437 5.66894573983 1080.76050336 
-0.0187489962159 -0.970599728711 4.65107810545 2709.38334327 
0.0403770067912 -0.93940586037 4.02541938979 2739.25295195 
0.0104675067164 -0.881259316034 5.11719603143 2101.89110226 
-0.0163713780447 -0.989945971662 5.04562144727 2532.76130592 
-0.00073871695199 -1.05295417964 4.82785660745 3330.58652524 
0.0464976650123 -1.10083790242 3.64207646208 1337.61822456 
0.00617451551096 -0.801935975462 2.94425626983 4007.24696865 
-0.0504427593958 -1.03365294284 4.09061898009 4098.08225379 
0.0144106135806 -1.1923381429 2.62346116155 1623.71003861 
-0.0184391983029 -1.00683902213 4.00449398885 3740.85085839 
-0.0242088301238 -0.943800523284 4.71439845908 2339.61217014 
0.00878985838616 -0.822869210504 4.23519959787 1597.73869888 
0.00846095819275 -0.977551850039 5.52722484431 959.674419765 
0.0418288054041 -0.754939496562 2.61531719918 3907.16466352 
0.0142383935172 -1.01897712983 4.96958421156 3163.4987177 
0.06737986229 -0.930175292614 3.82327273276 2525.83280076 
-0.0411439024998 -1.05270219397 4.2137320378 4101.6165228 
-0.0113796074355 -0.983629097859 5.09672654175 2410.55557419 
0.049371247044 -0.91885409497 3.2773506449 2860.41423952 
0.0426873687961 -0.897024255383 3.47421769082 804.02201187 
-0.00269924157733 -1.0222398616 5.97152764712 1086.62601672 
0.171116158607 -1.25165483759 1.44471170888 1529.66401803 
-0.00212424034405 -0.920960599915 5.21340588984 2024.17827968 
0.00731218481432 -1.15083102987 6.20867679072 1275.26772932 
0.0118649593132 -0.988122474032 4.03292772371 3420.74629467 
0.035663015024 -1.1489215003 3.21948582724 1358.57789054 
0.0092132634551 -0.908874111625 5.02339243098 2413.23818871 
-0.011473048847 -0.99152982334 3.92087621375 3935.02870886 
0.0632645398596 -0.778076258461 2.47216836891 3468.70739664 
0.090697734627 -0.938709764784 3.56861262238 2594.55744439 
-0.074301621688 -1.70871517901 2.921939171 1120.19761483 
0.00300478049165 -1.03174575757 4.92789051007 3144.03297303 
-0.0131623686425 -0.863620075267 3.2574821781 4027.49652455 
0.0590377702968 -1.15534702928 4.78750991203 931.738400206 
0.00392480087461 -1.0077689481 4.28247470597 3365.65700685 
-0.0018517730258 -1.0236924894 4.40737133545 3382.45515374 
-0.0403203430152 -1.04755890928 4.18873301824 4105.4465382 
0.0569242869918 -0.934584634758 2.75584620629 2652.11043982 
0.0293482452715 -0.999411838389 3.95002665702 3089.29309935 
-0.00122878969411 -1.03174538482 4.97111872941 3048.25136644 
-0.00970834745485 -0.914128337704 3.34825602522 3764.58352993 
-0.0366870286644 -0.976630534044 3.77481813844 3937.24329742 
0.00560645271124 -0.948698865057 5.01605604676 2595.35707417 
-0.018624124863 -1.05402885215 5.16163238014 1847.00663153 
0.0808090185798 -0.942355181992 3.40313910452 2784.74947384 
0.165348461868 -0.72164411766 1.97010777268 2651.9543186 
0.0202263141267 -0.92463083203 4.98434561592 2665.9522858 
0.100403233561 -0.98883083304 2.98693282753 2302.65963067 
0.0389948535447 -0.855995451287 3.87906241808 1711.89058195 
0.00552032145049 -1.21154675051 2.38688561222 1929.58091896 
0.0063040844429 -1.0902051566 6.21658476114 958.423353955 
-0.0127824244297 -1.06962933186 5.10473239023 1766.04910628 
0.0377647693145 -1.01614712917 3.98091713141 2523.74855683 
0.0619383219217 -0.900835648094 2.36168239311 2563.14183527 
-2.15888354701 -7.34083474061 3.8583229599 314.865768606 
-0.0037976783791 -1.05176635754 4.86906058415 3223.17854526 
-0.000388493004103 -1.05522497381 4.54014425272 3606.69654872 
-0.0300871147453 -1.61326172979 2.60763528402 1539.98234483 
0.0546271558171 -0.925260333877 2.47140259866 2545.47423638 
-0.00415480698009 -0.94494028835 5.52126161999 1562.49413495 
-0.00127149400923 -1.05221064948 4.60942861907 3088.08447348 
0.10586005434 -0.93983073057 3.5259252755 2278.26741007 
-0.00910038846377 -1.01601494024 5.49306862435 1814.81602523 
-0.0318970115108 -0.897054479708 3.42548110837 4161.01068619 
0.0884857830087 -0.823430663864 2.36115493088 2461.87026733 
0.0857078554217 -0.955506980026 3.07207327786 2565.52692331 
0.0408713238374 -0.874496141817 3.11830110424 3114.08304496 
-0.014892241802 -0.986051708958 5.10867944969 2402.90558047 
-0.0151786772467 -1.15677680882 6.47002337388 171.556936744 
-0.00602187564037 -0.92823773911 5.22012085922 780.283041108 
-0.00151234061181 -1.06407570685 4.65868437856 3619.30488295 
-0.0108163363586 -1.019899012 4.87568285141 2970.38804391 
0.0110399277816 -1.19253547621 6.45200217799 766.653947341 
-0.0099269251397 -1.06444248397 5.16730104297 1594.74188164 
-0.00157856826997 -0.96037367313 5.62554040455 1368.94514767 
0.252407662432 -0.764891571152 1.60934065492 1934.04370458 
0.0161399412796 -0.926663170515 5.61265020639 756.725556601 
0.0485835743989 -1.04948953762 3.85326359482 1743.69393145 
0.00928039930491 -1.16850406644 6.30624812723 1179.88845981 
0.00627108757596 -0.969956063619 5.69557283622 1136.75064461 
0.0122358110893 -1.21879308397 3.33508101681 1132.60079663 
-0.00198250413213 -1.043358268 5.72777970782 1616.39952885 
0.0837223493312 -0.974856765357 2.91896849215 2424.36323412 
0.0217377225845 -0.921398736571 4.1427059398 2492.49768342 
0.138197835983 -0.862790337049 1.86660818172 2148.21750416 
0.00381518462784 -0.877873347031 5.18578073159 1902.68219249 
0.129286203521 -0.988641981514 3.17922386731 2082.20052032 
-0.00323223324632 -0.963906079732 5.55972124053 1585.12291415 
-0.0036383568815 -0.972331233656 5.13041339427 2457.62592259 
-0.0284564220656 -1.11552468531 4.61165892269 3955.60019008 
0.00122191875938 -1.0098055808 4.19680986225 3476.06341515 
0.00920832835972 -1.07497006369 4.99524464414 3381.86042565 
0.0598005174164 -0.988550661051 3.34438542903 1150.32216266 
-0.023649747625 -1.05748081947 4.30416235769 4054.76104964 
0.0312413573265 -1.11007505157 4.4770902525 1671.73062074 
0.0653446750813 -0.977259978111 3.32295812679 2209.11091107 
-0.0119179793479 -1.04277961809 4.89853708119 2844.70558598 
-0.0068657986717 -1.05717766233 4.71591672805 2862.76878848 
0.0706739923343 -0.922936670307 3.48824422657 1356.96434291 
-0.00446847508156 -0.993582561021 3.95582789491 3622.00799481 
-0.017098848903 -0.963845391417 5.41917717547 481.704988182 
0.0603885654045 -0.966137793989 3.37798677459 1157.62239876 
0.0226595927813 -1.09151538063 5.17579959832 894.411399503 
-0.00971249138248 -1.05868872595 4.40098397064 3927.94618473 
-0.00955000597324 -1.1199646465 4.7905425878 3916.71123527 
-0.0178050004747 -1.0589920132 4.40287210313 3682.34328173 
0.00430040217178 -1.03604648079 4.9224053093 3201.8960504 
-0.155935666685 -1.58250246517 4.5650417111 68.9455520534 
0.0451969923123 -0.808265952268 2.59325689218 3470.38822802 
0.0353691868077 -0.7906171534 2.81609688143 3530.51012825 
0.00335006615038 -1.07817394024 5.11563777043 227.379433405 
0.00806085620554 -0.800915012052 5.48540214884 259.570350852 
0.0301551571888 -0.80277599142 2.69423227887 3755.30724075 
0.0732812179824 -0.904996443307 2.49396938216 2214.8027386 
-0.0326026378013 -1.06606055496 4.33012999173 3854.59763707 
0.0153824908085 -0.84261610412 5.49948364077 503.727744805 
0.04092419887 -0.948984134272 3.60168113967 3227.34453654 
-0.0116304051454 -0.821542800418 3.030271853 4200.94692635 
-0.00717319937214 -0.971006005537 3.79921196186 3877.75218225 
0.0654320790591 -0.938963039141 3.79779854989 2754.83449207 
0.0183318475272 -0.898541825829 4.99214206962 2495.40439662 
0.0106270408699 -1.02199147916 4.18372581808 3518.05085676 
-0.00315374933182 -0.983680446374 5.07963344436 2629.57401387 
-0.0334558454169 -1.0255630524 4.0801148746 3862.67386126 
0.0257576423871 -0.934737697752 3.52287235503 3356.91040367 
-0.00619548145533 -0.890926914059 4.91191110179 1093.51224763 
-0.0123922647654 -1.07331171408 5.07587150576 1809.7592701 
-0.00313329573297 -1.07447580283 4.66224034716 3759.49478101 
0.0626265415269 -0.933427985621 3.85365056704 2622.79547069 
0.00884915409779 -0.995200739764 5.61265142183 1297.87891825 
-0.0259665603394 -0.968518147276 4.85202487606 2427.72525098 
0.0552283251035 -0.915104845301 3.88400680979 2274.05509178 
0.0605702859902 -0.902417976664 3.02751255149 2604.68904154 
0.0872463763992 -0.983298188923 3.36363532421 1393.63844873 
0.0190200531001 -1.06598701793 5.01848030448 3427.94152628 
0.04251279424 -0.999936657398 3.8510550124 2629.06532283 
0.0137386342402 -1.09019019822 5.00278699248 3554.36525099 
0.123049732811 -1.04616099952 3.2019186038 1575.36691404 
-0.00723702451928 -0.949678439633 5.61191965744 1402.90159253 
-0.0129874476275 -0.939300742282 3.62743780681 3935.49296612 
0.0437449513609 -0.771763177524 2.59605639237 3808.50522338 
0.10344710206 -0.712489515281 2.28608092563 3183.92829703 
-0.0107965747306 -1.04720860281 4.85833062919 2901.83005958 
-0.0168152934361 -1.00316022185 5.11741034326 2348.2651582 
-0.002850332192 -1.04177015999 4.924667923 3128.45787078 
-0.877719922786 -3.72944190812 1.56035895636 1389.41948931 
0.0632402799413 -0.901511188096 3.75994010612 1918.25330627 
-0.013661738338 -0.955759086341 5.46125335245 470.462426499 
0.0102837076999 -0.992448829513 5.62203544736 1209.95967355 
0.00443996564426 -1.14801536122 6.06042611601 1115.72024789 
-0.0148023533769 -1.04078804682 6.25824926849 182.323177879 
-0.00633797491569 -0.934762384399 3.59727793561 3859.1689857 
0.897263681994 1.11051996015 0.34408571965 504.732211001 
-0.159999585813 -1.66791417706 3.0310891062 886.655448436 
-0.0131882642336 -1.06121994894 4.39113124544 3972.45940912 
0.077396006604 -0.926758044154 3.75027129689 2344.54194303 
-0.00699852813447 -0.877166515191 4.3928572073 2023.53886146 
-0.00780399472568 -1.01930921188 4.97322630138 2809.23403694 
-0.00524404922108 -0.611751660324 5.19234982615 133.136356074 
-0.00469227870962 -1.02815335855 4.56514429787 3272.59218293 
0.0410207154977 -1.04067262454 4.00356186934 2031.88088624 
0.00324441816331 -0.822528626001 4.43139601963 1351.31329834 
-0.000170342548302 -1.05180780029 4.58550561148 3059.70852965 
0.0118986518802 -1.04090117551 4.36886545477 2960.6168918 
0.0224032834558 -1.11328210746 4.96442893132 1338.76575293 
-0.236993287395 -2.19703396148 2.50048037728 1457.9302905 
0.123296514125 -1.07028294083 2.95857491264 1897.36128898 
-0.0243777627783 -0.981055389959 4.92283660689 2494.16236712 
0.0212927933427 -1.04907963034 5.02809318182 3326.02557957 
0.00495423726129 -0.912589798265 5.05306039268 2341.41895553 
0.0258733537085 -0.957092436968 4.99936496882 2878.54626405 
-0.00261556874138 -1.07906594114 4.70585212763 3761.00800181 
-0.475957516347 -2.40129622318 2.98801070363 795.045869121 
-0.021930494311 -1.04869779104 5.09359443541 2141.25404131 
6.92915008737 16.6023577197 3.93055199425 255.996357676 
0.00327743786735 -0.841480074053 4.28144004205 1756.20022002 
0.103540191093 -1.02478215679 6.32387895253 26.1439558933 
0.0063904686989 -0.998030289937 3.9751049272 3693.6827924 
-0.0295544820205 -1.04135181041 4.18552984373 4082.5493344 
-0.0447824416957 -1.02788202822 4.0649917849 3967.34992428 
-0.0210837118327 -1.33448285966 1.92713623422 1703.15822416 
-0.00743262541503 -1.11717928229 4.80201367669 3900.19117654 
0.0344232925304 -0.921905459107 4.05003293576 2478.30921 
-0.0252486496238 -1.12015168793 4.65484917121 3962.3639374 
-0.309730685068 -2.05769206708 3.12703933014 819.437273141 
-0.0343542332431 -0.883295680489 3.29569841279 4176.82281075 
-0.0308756171884 -0.940667552773 3.64033858091 4099.10075062 
-0.0213964220832 -1.05295341165 5.06794685827 2166.56507976 
0.0767488012737 -0.732499597541 2.41465826347 3611.02104657 
0.00532721577185 -1.15087795579 6.18960213586 791.217884963 
0.00271983339156 -0.95718101198 5.47554191466 1656.41151149 
0.0226479280528 -1.02912609843 5.00711435917 3256.4081378 
-0.000523864929103 -1.05501876583 4.59590084782 3492.48103777 
0.00719675011017 -0.93856131053 4.28955445394 2658.1883506 
0.108743827947 -0.954082431769 3.29607736602 2427.20361972 
0.287559016303 -0.739195506258 1.52565773432 1833.22014656 
-0.0291520030698 -0.983519002235 3.86237606552 4075.68165768 
0.00973345268436 -1.07475235074 4.92646294779 3558.57469072 
-0.00921668049552 -1.04823692362 4.83498544415 2972.76706833 
0.0169107928708 -0.883953993475 3.28553617194 3545.72090482 
0.00860310962748 -1.04462919632 4.42549871747 2981.30458227 
0.00169906746944 -1.07191788424 5.93088087341 1429.67607259 
0.0470356512314 -1.07278389149 3.91492943052 1569.19179516 
-0.861777888104 -3.39441759594 2.9781249945 821.329698204 
0.0392141697755 -0.86636989445 3.09224365944 3163.37984024 
0.00358047820527 -0.941245578055 5.23795965778 2113.16354413 
-0.00393262420664 -0.809349587393 2.94395904215 4182.04363507 
0.0197983030687 -0.864410318126 4.07524146038 1952.54564535 
-0.0092632022691 -1.02702543905 4.84536625342 3046.763878 
-0.0239001358372 -1.03599614739 5.49755004957 349.682831827 
-0.00211051460616 -0.974032034542 5.3395935534 1170.47007694 
0.0012021948256 -1.0468400777 4.96044094168 3164.66972882 
0.00787936482909 -1.16647995583 6.231550802 1261.71851465 
-0.0127451340581 -1.02169202967 5.43955446968 1838.04018139 
0.0253123619524 -0.803408347808 4.29155122737 776.551408429 
-0.0163335213768 -1.11781468565 4.73801444289 3805.3349028 
0.00255498905013 -0.948840168704 5.44044217172 1699.56781229 
0.3726832542 -1.00791998973 1.21647195969 1334.44424892 
0.0414509830521 -0.92323447273 3.37084512008 3038.18143117 
0.0617318915425 -0.88907542729 3.56477308195 1326.94173362 
0.755817681421 1.53990415965 0.470549193562 582.962423272 
0.00322545182148 -0.931825652048 5.04481781721 2436.7678291 
0.0459258159051 -1.1094507127 2.91686459285 1634.11827522 
-0.0242999279367 -1.09150003397 4.53536485776 3797.63419217 
0.000352705073074 -1.09249445627 4.90763129258 3501.18126629 
0.0641945188235 -0.901691621422 3.74985321936 1901.52250285 
0.0614058945036 -1.00238760081 3.52140837678 2065.47140578 
0.074121150375 -0.861922565174 2.57500972507 2431.01371735 
0.00299544152028 -0.880551997823 5.18824599852 1907.09579575 
-0.00486249060022 -0.894820122517 3.21385385588 3746.59944756 
0.0200890423446 -0.791450676308 2.7528452404 3994.61433408 
-0.853036105813 -3.82182187033 1.47788971933 1343.51581341 
-0.0161430461979 -1.04878190048 5.24428668332 1679.75536 
-0.00596919171063 -1.08704973332 4.79367673603 3521.05562084 
0.00248175516501 -1.04736958529 4.88479201003 3296.89995663 
-0.0133502319195 -0.991608581389 5.24268380713 2032.69519337 
0.00229312235541 -0.968895950303 5.41697683204 1807.00489669 
-0.00638633498226 -1.04580788642 4.6889246449 3300.69546819 
0.0493487675475 -0.750169024082 2.5682476717 3848.48368268 
-0.00255469928036 -1.00252534978 5.43413942035 1684.1104855 
0.0487862724893 -0.744260951879 2.59113920118 3784.28164261 
0.0292726970208 -0.917833390555 3.22071643838 3294.54930103 
0.00561075718137 -0.982999838658 3.90377390429 3535.99715964 
0.443672484267 -2.32965526564 0.917190068242 963.076773092 
0.00694460423958 -1.03151416795 4.27389867205 3564.00739095 
-0.00292440595114 -0.911575535844 5.40007228303 1621.78023318 
0.0186688055777 -0.972498468474 3.85911161603 3413.26269152 
-0.0494300440524 -4.26927622117 0.951985721197 965.729229003 
0.0206714915625 -1.05392694861 4.31858622966 2380.59631814 
-0.086744356104 -1.57672162068 4.49239317177 137.09906214 
0.0371106572309 -1.05596554221 2.12122748301 2077.97150866 
0.0253769207553 -0.794619080731 2.87030561962 3693.03839486 
0.00869240469124 -0.963520300881 5.69964635997 1033.70857563 
-0.00842581683203 -1.02933164882 4.74436262353 3134.2568149 
-0.0425646303872 -1.07993787793 4.35407574554 3999.07798599 
0.0112585557921 -0.910543226396 4.20739790896 2388.6707777 
0.00101587753515 -1.11318856095 6.14403509907 581.058719354 
0.0478107703185 -0.959032149977 3.54246994614 2810.70110364 
0.129853922411 -1.05028342245 3.1675254748 1637.17171052 
0.00848796169337 -1.15093805064 6.28233694467 1163.07799313 
0.00101050254866 -0.894070128749 5.77006330268 546.567391811 
-0.0429033872863 -0.913032289955 3.49399486637 4210.88374221 
-0.00230112505122 -1.06974649587 4.65768259636 3706.57379689 
-0.0199565561185 -1.11660575216 4.67357782095 3990.14067874 
-0.0243341760242 -0.855658977609 3.1514119682 4188.22945218 
0.299810374427 -0.141836368813 3.96929661384 6.75540403272 
0.0709444342479 -0.753957621584 2.43648801791 3563.9118298 
-0.0130422476995 -0.999707819561 4.99583284063 2719.17949753 
0.00940146688943 -0.806101048618 4.35098500407 1255.19087203 
