Test results: GP Error -- DGP Error -- Mus -- Sigmas 
0.00928843767976 0.742038467993 0.730391115632 1185.89639072 
0.00430078362533 0.671710229659 0.969650387696 835.151712011 
0.00640142886443 0.816957140336 0.479817606162 2066.46545606 
0.0674179435939 0.849764899016 0.218256656376 2360.30384746 
0.017983735189 0.856687687507 0.328955660706 1679.71540831 
-0.0202573886923 0.812727475934 0.466882264538 1991.38127816 
0.0258734699769 0.834019846264 0.277607320973 2370.18498773 
0.107911926627 0.812476699192 0.338894444842 1984.84872607 
0.0195882228886 0.747668505123 0.410964026442 964.627214781 
-0.0121824939022 0.813278258018 0.432953431191 2032.74889051 
-0.00960092167396 0.582825122012 0.739810198003 161.389563008 
0.0028138049549 0.817698570477 0.444525051156 2159.67714632 
-0.341779437464 0.754176801187 0.180949993668 1628.94716254 
-0.00447733125628 0.822305026894 0.410041486722 2256.67976611 
-0.0220035007336 0.821247057371 0.453435184374 2045.21744726 
0.280347431157 0.859654481126 0.102698082629 1976.43525155 
0.0396819136251 0.838860599606 0.260988918565 2360.23752759 
-0.00481547190727 0.826283362525 0.443782881263 2128.91849249 
0.00013792975074 0.785646713292 0.479548169201 1781.32002388 
0.0962620122383 0.819189702792 0.223726373344 2293.89726 
0.0287081577902 0.789313065688 0.440234442459 1718.8658748 
0.0184806031589 0.802343609546 0.506376859456 1947.74909899 
0.0644683574107 0.85703198093 0.168818936643 1960.69947996 
0.002110657977 0.822063012447 0.464511519911 2100.170652 
-0.00895945316936 0.808489168073 0.52219405542 1956.95757036 
0.097879480308 0.807449952659 0.274399794045 1804.67806204 
0.0052977685011 0.753429775878 0.607281494379 1422.77854092 
0.0165179699734 0.71043533779 0.850081098975 797.432507453 
-0.028899857454 0.820224839208 0.373056989733 2267.70964271 
0.018970017386 0.805264306548 0.411180687824 2104.65961572 
-0.00415477457804 0.757787485133 0.592858398901 1537.75154995 
-0.80813308004 0.831936345971 0.0735492272518 1750.66146173 
-6.07397045098 2.16637001332 -0.038288739264 1846.2725794 
0.0405058377307 0.813305717857 0.369846085124 2155.32913691 
0.028824471127 0.807544113319 0.392567355412 1996.8608723 
-0.0373517274974 0.811116752646 0.333089655042 2344.64513246 
0.00208740259955 0.827462223513 0.40145235613 2265.36535424 
-0.0371452829878 0.811119860426 0.33296798599 2346.70987526 
-0.0151799633994 0.811699795656 0.316034868668 2359.95874189 
0.0790351326788 0.848598405703 0.182828069819 1928.9974603 
0.0051820053473 0.755378940056 0.600875397429 1441.80257632 
0.096790495364 0.847705066558 0.204804873621 2341.86618096 
-0.0210471751323 0.809516049937 0.475872358494 1959.56239858 
0.0108027621258 0.824994810331 0.337981043402 2271.06548496 
0.023670853409 0.786677460214 0.552417135056 1855.59533422 
-0.000904223996916 -0.181420858304 3.65044693678 93.5202302235 
0.059482572522 0.77944304185 0.471566240822 1384.96231506 
-0.0290431274448 0.820239966211 0.373036826431 2267.67713267 
0.0424522102509 0.810087001364 0.39412415214 1959.05198371 
-0.0160567394436 0.763411348527 0.601168517118 1578.41948285 
0.00593602858734 0.764837774312 0.538433928831 1592.54608203 
-0.021865241019 0.782545703008 0.547182759636 1739.94038274 
-0.0602582842818 0.809399475499 0.169214404872 1927.51753961 
-0.0184704148991 0.821865678803 0.453914630415 2057.98721332 
0.0755584772042 0.806886460188 0.370972378805 2002.19535399 
0.112799639708 0.896848526671 0.0997854879952 2239.54659017 
-0.206206557875 0.879439646737 0.155513568559 1026.79568338 
0.442946995159 1.01295081272 -0.00453318498783 1750.71678961 
-0.0196300924482 0.819122566812 0.467864934654 1912.70613979 
-0.00848426404865 0.829529488632 0.443726689996 2137.7514741 
0.0713961868837 0.857969987015 0.285250792412 71.7514281876 
-0.0423410346674 0.82024668767 0.347376133949 2373.22318033 
0.000349527879391 0.743267770048 0.73148061055 1444.61604133 
-1.02513828581 0.287009030614 0.528101703278 522.024805435 
0.0688880915809 0.831735343048 0.241535536934 2337.50540792 
0.0110328206634 0.824463770747 0.358287821607 2238.56118988 
-0.690537759633 0.662628330833 0.156377356722 1579.1883281 
0.0152777400724 0.713772828101 0.705050756138 1148.53577482 
-0.0121383686034 0.808778956629 0.505991275959 1702.68144779 
0.0644160129071 0.805465824372 0.308540384091 1972.59131342 
-0.00566395460645 0.8032381019 0.447527326604 2046.93467336 
-0.104911209377 0.918007823278 0.11430979221 1396.67489349 
-0.0376731215453 0.82421613106 0.37315107713 2289.62933096 
-0.0262464109622 0.821022574363 0.339914687706 2268.12310921 
0.0428201477192 0.809852647972 0.370149689931 1978.78689513 
0.0304167975385 0.83002391931 0.307365512514 2243.18461594 
-0.0234899660365 0.819725374956 0.380739551412 2269.34067364 
-0.0704104854155 0.884068485256 0.0953887063519 1977.88611216 
0.0506703556283 0.804656537606 0.391227512103 2029.91238166 
0.0523069600757 0.834636949062 0.224104226952 2318.50141777 
0.0040972786296 0.819753493126 0.46911621377 2089.73888145 
0.0744182142793 0.866826999003 0.171458689684 2246.20577335 
-0.0367532467019 0.819265198866 0.344366255992 2276.55895357 
0.0168574606023 0.800537116601 0.422698722548 1931.00310897 
0.0740963244428 0.803893319509 0.380669508539 1962.18820426 
0.0424246482307 0.857864035276 0.296491932822 1879.3124576 
0.024129126105 0.785706960763 0.555753753091 1847.44457432 
-0.0396708400299 0.813540179866 0.335010090039 2316.74435559 
0.00855287423627 0.824991835877 0.359709902579 2247.46650442 
0.00966800628837 0.797218469821 0.550614656209 1761.74459406 
0.0191560581129 0.802580687256 0.427022251212 1927.72827734 
-0.192200881593 0.711657984854 0.272615031325 1394.3989574 
4.70906977892e-05 0.921430087459 0.248315990985 632.488162512 
-0.00152273653437 0.824115416463 0.409045798322 2262.58523173 
-0.027304957319 0.825838436057 0.377469138912 2287.99445796 
-0.0133298229142 0.82787277672 0.385111562285 2287.80611113 
0.0743489620619 0.836242206891 0.282215846243 2203.90397833 
-0.0743253358859 0.790724424367 0.222631521067 1650.60222973 
-0.023320048476 0.814872361189 0.457858512215 2057.28028832 
2.86777532984 1.49045258985 0.106129945995 1265.23346801 
0.0207567104293 0.820867079846 0.365303058961 2179.43384379 
-0.0205064224589 0.82689260874 0.376552736575 2303.30363593 
-0.0341434919212 0.823981635168 0.377652936738 2268.83617612 
-0.0515957007622 0.815296729483 0.348316911158 2326.61522129 
0.0377315432254 0.995468810633 0.0142256963206 66.479021291 
-0.00466002460936 0.706881979669 0.85836607441 1159.68742955 
0.0516632354402 0.828615746546 0.255290801804 2349.23440041 
0.0569087487042 0.813040046079 0.36237336862 2113.74327691 
-0.0338330349627 0.823561231863 0.356544978966 2348.24634529 
0.114035450116 0.831000053016 0.221129838298 2283.33118864 
-0.0102215285715 0.757524734902 0.601946072246 1547.8989919 
0.0497869843759 0.529020170682 1.01246292509 378.975051295 
0.0021262298215 0.436066829275 1.7609318694 286.354373192 
0.0159900772693 0.807866047906 0.488264368379 2016.443746 
0.0149315476118 0.698119750824 0.869587367041 906.691454412 
0.00518970027747 0.815324453716 0.463452077753 2079.74249446 
-0.00328340749946 0.762177217739 0.552820460928 1594.66014502 
-0.12561343398 0.9076644868 0.0595409914831 2012.31717113 
-0.0210269453021 0.792046378391 0.535839277476 1803.524224 
0.00689274076107 0.790538410443 0.575262437089 1750.62080482 
-0.0475655921414 0.818562578183 0.354486705099 2287.93025614 
0.214447731275 0.833278658579 0.140869126166 2025.69438842 
-0.00325530501966 0.821499377406 0.303251061263 2383.73337237 
-0.0764095158947 0.998198641919 0.000677140319568 2006.81095015 
-0.00828634867069 0.828733457051 0.374246261903 2319.6156936 
0.0552165306763 0.830394924258 0.203551162358 2245.94505825 
0.0157976085528 0.747456527684 0.407761036908 944.635661424 
0.0356516919441 0.835486464452 0.277281479183 2334.00305939 
0.0626769382234 0.811740794396 0.363401517172 2087.29872229 
-0.00999774364796 0.823339236828 0.431776140763 1776.6187089 
0.0199699629475 0.812580060995 0.384080532802 2196.10904917 
0.0553468470499 0.59696116036 0.883264790429 499.716424421 
-0.00584988546452 0.72929025249 0.781478677999 1296.82210678 
-0.0387556814395 0.820323722231 0.342510019803 2380.76634147 
-0.00625966395038 0.812634123037 0.424387284764 2222.02195612 
0.0619275461196 0.819551651564 0.25997380083 2314.60860911 
0.162255262663 0.820845421813 0.170123632188 2090.26394013 
9.48978117779e-05 0.825057186844 0.388868777022 2263.89920327 
0.00856832588622 0.752762653073 0.634206196979 778.87263069 
0.0759746752213 0.719638075131 0.574589958834 1061.38594128 
-0.0147123786592 0.825114226829 0.453483602612 2111.97170585 
0.0340944281895 0.799753806459 0.420619258303 1926.7237223 
-0.020420562697 0.779775563468 0.564298451036 1704.88934786 
0.0200458913037 0.789104373799 0.550205177153 1868.76542988 
-0.00229422461901 0.773708400829 0.682276143372 1329.35651346 
-0.0287576941157 -0.944209177155 5.72400551318 16.4494008699 
-0.00396001496148 0.82085606114 0.414586666987 2208.81661975 
0.0567897496856 0.819956328061 0.340921019012 2169.6427098 
-0.010466129623 0.825182442748 0.396789233614 2257.94580873 
0.068079062938 0.820528997396 0.280113316219 2066.66110156 
0.00804928736116 0.636804600452 1.10369479323 735.206779726 
-0.0153142406324 0.824140879188 0.320325462382 2389.17542302 
-0.00139195516844 0.79179372843 0.566685444585 1498.66826305 
0.101129317552 0.851381360631 0.19705741265 2343.31093512 
0.00160313742781 -0.939673766431 4.07681818189 83.2951735737 
-0.0086278841662 0.730939224356 0.785097570155 1254.56489066 
-0.00453955990386 0.823301877013 0.473380067024 1530.20956656 
0.0105447427138 0.830233094811 0.383252561548 2005.14643016 
-0.0205330628992 0.811698977169 0.469715169268 1980.94620651 
-0.153248445072 0.730837137423 0.273198786103 1469.7458578 
1.19925544712 0.905261656568 -0.0671251537684 1688.39400101 
-0.00429947231396 0.829723556388 0.385580017418 2328.17191593 
0.0800994319014 0.874318272832 0.150978178023 2249.20381189 
0.00727935019017 0.824259453705 0.417092177566 2234.37505116 
0.0125684627337 0.77767038627 0.300922163044 1697.99397233 
-0.00321141898609 0.775320314964 0.627717728756 1681.84646787 
0.00199159191918 0.814794301097 0.41014377163 2123.78044041 
-0.00806853743248 0.819966362034 0.409821935579 2259.69377229 
0.0541960702273 0.80585798885 0.385502224452 2038.76891048 
0.00246610438781 0.647691268219 1.10132684544 352.162125571 
0.0667361833761 0.854251104695 0.203123393449 2271.10505014 
0.0440930716699 0.794220812527 0.418823740017 1617.01635674 
0.0676049425621 0.853427800525 0.214196545904 2322.98244968 
0.281701420387 0.860605446847 0.0896791281054 1878.97062385 
0.0126861357101 0.692232432531 0.776587795507 606.451241874 
-0.300448310139 0.776148314691 0.168120375819 1646.92317732 
0.00841789485692 0.825532158677 0.334742332463 2286.93310399 
0.0325746428055 0.815499541029 0.368406576551 2102.28496889 
0.0884853773705 0.808271596383 0.36050888989 1987.36181862 
0.0171185859061 0.787780890748 0.56654948383 1798.39409578 
-2.44588946989 -9.37951301483 5.72225453679 13.8436766119 
0.000985319105805 0.822439693597 0.461731904948 2104.33094762 
-0.0247858515425 0.80981783821 0.323440856456 2343.82754293 
0.0241514738856 0.790121419902 0.539060571225 1883.73343864 
0.0790295574575 0.921282106204 0.18598695776 17.9868370999 
0.016775541108 0.689695547229 0.904462775522 802.964755047 
-0.00342428617768 0.624322964768 1.10878187932 826.449234534 
0.0072121415559 0.830812004498 0.510523665327 778.571497502 
0.0256704766246 0.788901913518 0.541890650642 1878.82908678 
0.0241392079024 0.806499152496 0.48067099657 2063.43909944 
0.716738200355 0.147403869259 -0.0857274964231 1378.22667218 
0.0130557100297 0.808221478686 0.494227068642 2009.7986298 
0.0339241069625 0.835677965717 0.264288962022 2374.44555075 
0.031435369289 0.828910624036 0.304087532929 2280.30552523 
2.39147183488 1.36944072806 0.117822496037 1255.8761334 
-0.000688361732167 0.793774834476 0.590257264515 1594.46476486 
-0.0107627614687 0.823141530324 0.438700787017 2132.47389603 
0.0556496422796 0.818350170699 0.313672525082 2015.03977728 
-0.00389774111058 0.727936760642 0.791739333339 1181.931789 
-0.000280001476268 0.735499291687 0.753572781565 1407.30238665 
0.0523007939048 0.814654030943 0.344527031665 2088.35602653 
-0.00162194302987 0.823621213725 0.301944749714 2386.74035542 
-0.00855162991598 0.742015852419 0.751066946202 1318.04668999 
-0.00592249590985 0.819275318691 0.450541056474 2141.56588668 
-0.00642997221439 0.816632651604 0.307217264586 2372.87780427 
0.0363362876309 0.781457841835 0.483957144596 1544.44314142 
0.0154206035453 0.800363061514 0.433712558437 1950.85307906 
-0.0194060267829 0.826977353126 0.38239620594 2281.97035994 
0.00992224806054 0.791692969536 0.566855847246 1753.72051886 
-0.00679556957602 0.807740670106 0.440186519 2142.91250489 
0.103779308748 0.803589267342 0.335823352737 1844.96108701 
0.00262198521206 0.825307215505 0.410698407194 2286.94585341 
-0.00371373493744 0.755291413759 0.69258385675 1449.2375778 
0.052729195528 0.816930062426 0.330623962413 2132.55078925 
0.00323989073876 0.818378641574 0.459999138264 2080.25520106 
-0.0204832367421 0.799644895501 0.519241421663 1868.90451834 
0.0167371274037 0.785956902486 0.572382851276 1799.06026783 
0.000633523588887 0.901490524731 0.310311613268 676.13779104 
0.0196089166867 0.806673165007 0.481210080376 2062.52671424 
-0.596895020598 0.798919963888 0.116988981013 1717.20822109 
0.107772993004 0.839986308299 0.2622756326 2154.78763984 
0.00588781149194 0.561571168696 1.30893269064 593.562919661 
0.0122884290702 0.821475685847 0.37592324246 2193.43624763 
0.0756908742969 0.872579054793 0.154934168979 2234.88725917 
0.0162800362128 0.82247685351 0.427210254183 2229.55591422 
0.118417103623 0.818281226821 0.317308045396 2017.24426751 
0.00611534054923 0.809429932549 0.301588868521 2335.47871373 
-0.0390021493243 0.818827530227 0.345039527692 2279.64644859 
3.1150121239 1.54696008665 0.35861857059 669.70416704 
0.0241619949198 0.898132857224 0.169969844745 1570.06164182 
0.0334831575983 0.818450789978 0.356817824164 2146.55913096 
-0.0740010016764 0.905463049959 0.0662650347459 2036.15305918 
-0.0331566861681 0.819630261599 0.333719357598 2388.10830844 
0.044301205643 0.793043328066 0.3041957317 1828.16612994 
0.0648538652715 0.814524239597 0.354099732278 2108.72651282 
-0.0237633702812 0.825675028968 0.366351873843 2319.9527505 
-0.00349196202649 0.830917590482 0.447135729782 2106.87391636 
-0.0781448303021 0.846302731675 0.1471314661 1815.48431644 
0.00165591511164 0.802383662074 0.440165291886 2045.69814131 
0.0175242525574 0.78961911233 0.56038430323 1803.01648157 
-0.000400172290487 0.466102495201 1.60145782623 563.141649403 
0.0121810226904 0.709594023101 0.854956765647 1084.48001895 
-0.0126648935748 0.758445450486 0.58596123267 1585.45478599 
-0.00547626493072 0.799874482211 0.552786525856 1889.2465652 
0.0496562238888 0.837761115231 0.246577293424 2369.12951678 
0.0327631687423 0.826678166638 0.312148416922 2254.02423184 
0.0164562953881 0.78661007171 0.567990795727 1844.3116813 
0.000361256194573 0.820514334533 0.457179106174 2116.98438173 
0.00942050994453 0.822065656281 0.347589275095 2259.06808389 
0.00449883515582 0.826053981412 0.408260563933 2250.08189128 
0.00506629915786 0.821487644767 0.427199888538 2218.67604996 
0.0160922383039 0.845636300854 0.179499593584 1928.31012238 
0.0658911975377 0.763702536383 0.505486323083 1282.67054483 
-0.0451073267796 0.821518579044 0.358525071035 2345.7927508 
-0.00613160076415 0.822527391508 0.407288754775 2258.92749868 
0.0454980948846 0.868354440369 0.272204285702 1822.59016463 
0.00885301660842 0.813977420847 0.411884784929 2017.41693746 
-0.0160041265951 0.765860781723 0.601728744689 1576.34351678 
-55.9180700944 -12.3433268764 0.150719889101 1368.37940422 
-0.00658106557894 0.813184756267 0.41926773258 2232.59645163 
0.00143320972707 0.725549990832 0.699448028015 1243.72319787 
0.106737942909 0.796292639721 0.10501200639 1658.20965993 
-0.00283211824058 0.827659532421 0.455708475935 2087.8702394 
0.000481776143791 0.792859739078 0.564828444904 1483.25159322 
0.00514605274446 -0.836905259488 3.88918372239 89.9036895028 
0.0914054587369 0.845105541316 0.250207548836 2197.70434168 
-0.0139237989523 0.825679396464 0.452987696477 2033.75081907 
0.0108358996403 0.812853439162 0.479909341381 2008.98413272 
0.0576425031326 0.815568953315 0.329011023038 2041.15929128 
0.0079938162122 0.826741655567 0.409182381316 2301.53329475 
-0.01918588392 0.826968980471 0.373532917832 2311.04611791 
0.0190225293615 0.818125975455 0.442231679434 2193.37269121 
0.042959229488 0.906949971341 0.207587283719 1709.40409121 
0.0354621575812 0.886830649015 0.252470784602 1602.63379691 
-0.0163290708873 0.820095276974 0.470137535036 1887.87682932 
0.0156758412935 0.809899143103 0.294331687514 2331.62893462 
0.00942646909179 0.797204868479 0.439627407506 1902.72566069 
-0.0337288279524 0.823072106979 0.349940067663 2363.33600534 
0.00553686813529 0.825620198235 0.336090094272 2293.76345873 
-0.00514510359754 0.723047368157 0.818059798648 1186.99522484 
-0.0163658337643 0.818275633177 0.391509350603 2269.38526632 
-0.00528839816716 0.829024556316 0.376091791624 2320.64158914 
0.0623304923143 0.867276819146 0.163222032575 2165.02369475 
0.00708982563625 0.827306516223 0.406603745853 2307.36926802 
-0.00967026962756 0.817962793123 0.451544526668 2135.33868121 
0.00951299399363 0.812528638478 0.475468252268 2036.26497576 
0.0438040503644 0.804701642647 0.395264424266 2045.58997272 
0.058612759649 0.859154071052 0.179330370978 2122.98457475 
-0.00134731526479 0.803371934717 0.553534847788 1795.35896822 
0.0117348852161 0.794535270288 0.552484720113 1890.65787681 
0.0148939638292 0.669036160304 0.970078618951 728.052900997 
0.0117997722844 0.814536689504 0.488003690204 1941.82679619 
0.0225907721556 0.810561630064 0.468552101524 2083.04748917 
0.0374745358584 0.803872473492 0.402002334914 2046.11192103 
0.00277670339548 0.791501126861 0.575684265549 1563.46192828 
0.0429261076075 0.825010136553 0.250418489002 2334.00853982 
0.135777514246 0.831014405265 0.26621034685 2047.64515346 
0.0100701160707 0.783763266303 0.471077186393 1750.06876064 
-0.0124673447526 0.811873843142 0.313955315921 2359.51340478 
-0.0215229816756 0.807728470737 0.482783355818 1943.10337657 
-0.00402132482575 0.589226075286 1.21638882052 759.713814559 
0.0216438993007 0.82889279728 0.308086616784 2307.915808 
0.00312716901566 0.816257523557 0.509086778834 1921.85828638 
0.00491442448033 0.825040894403 0.375204688503 2249.45013306 
-0.208171895588 0.832991271356 0.134484309077 1756.00455054 
0.0152947016814 0.821465587836 0.371306664763 2190.22682239 
-0.0099968409813 0.816220142331 0.407650564091 2257.75780194 
0.00131771194992 0.821486356809 0.395544027009 2213.2221959 
-0.00563568655231 0.786348063557 0.611946293005 1605.98579719 
0.0436815969444 0.837272615418 0.252434012963 2372.08137243 
0.0579831754096 0.812004977975 0.375219096072 1963.28288806 
0.000801016846625 0.8966056405 0.261560902551 1371.3283071 
-0.052402861746 0.81908137145 0.357260104071 2334.43010081 
-0.0264255801334 0.794327256044 0.280646186576 1685.63659649 
0.00031951572348 0.818830983908 0.297123071613 2309.86417995 
-0.00142014089716 0.818672392696 0.435127297673 2209.23907699 
0.00896376824152 0.823835106898 0.419917504211 2227.27301688 
-0.0901939585036 0.810930025602 0.163486029992 1908.58024604 
-0.00426002731323 0.773112311967 0.518571451284 1667.99321296 
-0.00263705531498 0.827412535786 0.397719137036 2262.53608897 
-0.0490640015521 0.82131792872 0.363883006083 2314.11716086 
0.000471862998434 0.403915704395 1.8005984657 511.509481423 
0.00617423913774 0.825133071554 0.354245831887 2260.05188839 
-0.000149018948546 0.822332975616 0.459399228434 2107.91789588 
0.00382356950331 0.820486278426 0.489952501704 2014.87073919 
0.140897445029 0.828526439014 0.209145583389 2264.31870772 
0.0638198444753 0.814289039721 0.359215469424 1899.77810095 
0.0183608028149 0.804876294951 0.423015068032 1934.58956255 
0.00930728900576 0.800497938379 0.539433197207 1922.10201835 
0.344228824044 0.896415733422 0.0626606237658 1915.20114586 
0.0177986262455 0.830241221946 0.282801223145 2381.07582947 
-0.00283919275263 0.542366227102 1.3724889802 289.228553411 
0.0914089801473 0.839446222454 0.219704204192 2329.88024395 
-0.028946173802 0.823976369329 0.381934202654 2263.58876271 
-0.000495597804946 0.822362967948 0.45160044328 2103.45902248 
0.0993912215889 0.820626002134 0.241396243681 1891.04544061 
-0.00190038278133 0.824339127812 0.402093437051 2262.97647467 
-0.325964397066 0.796160379186 0.140370942946 1792.08866954 
0.00683427238207 0.713017843616 0.817096941998 1208.73588981 
-0.0500685618231 0.820762990064 0.363574188353 2303.76244654 
-0.0100272701345 0.820774528506 0.405385178744 2262.57401556 
0.0159782938124 0.817976301845 0.445222343932 2149.46568897 
-0.115954403733 0.859437518169 0.201945816264 963.195077755 
-0.274376652957 0.686519635965 0.336749230273 1060.15472769 
0.0338459941438 0.814525239311 0.369657007612 2087.65570392 
0.0294678203567 0.82076822737 0.26857646139 2330.9562591 
-0.00788766187915 0.812625588648 0.438664281622 2188.45345224 
-0.0156225887228 0.819734019288 0.36681308784 2270.19520348 
-0.0102915522765 0.812367361452 0.440386614209 2062.18584558 
0.112996842588 -2.63819922661 12.4725223606 13.0056852323 
0.00172749452605 0.820329942618 0.406699016872 2080.25704509 
0.0664310492731 0.80049715522 0.34183277492 1612.29942815 
-0.0173048562649 0.910909331001 0.138351095589 1497.55653665 
0.0167354723967 0.806563320424 0.484111531869 2041.33327918 
-0.0363210154121 0.821561370905 0.373621169458 2268.26550269 
0.0390947648091 0.813810085049 0.388578460534 1996.76430554 
-0.0075372027077 0.798101728869 0.463009864258 1906.40030287 
0.0631800696695 0.82475913773 0.253387894302 2325.57971853 
0.0627816169341 0.832527868078 0.296757440598 2211.03863514 
0.0443152651639 0.839349923489 0.246422632648 2300.93476786 
0.0833718405032 0.850760331214 0.230247579272 2225.96674357 
-0.144667959159 0.83605431897 0.139756166436 1918.65860557 
-0.00191577503096 0.702276149481 0.856401677491 1218.35646812 
0.00350128193524 0.827009542828 0.404984603768 2309.20155324 
0.0500775632244 0.818231590765 0.333977177376 1960.69155491 
0.0677647597094 0.84923018093 0.212813670436 2172.7609982 
0.0253414486367 0.815585288002 0.395706537535 2021.34646343 
0.0595565692642 0.814223347544 0.265338092336 2312.07636793 
-0.019918121183 0.809667703053 0.492974838453 1965.20073416 
0.0948176538235 0.794663654187 0.309088418456 1718.84629985 
0.0787792523644 0.784990617005 0.309781517061 1637.63424031 
0.0120938363154 0.813470233846 0.471602064713 2068.79379643 
0.00230427543769 0.797630096872 0.557709041924 1628.02548701 
-0.00801542283471 0.823129874754 0.453910915972 2101.43479115 
-0.00445405145268 0.82655162958 0.454140697441 2095.9633516 
0.00810473718036 0.7241628651 0.8283284176 1060.15845022 
-0.0173015106694 0.820359246028 0.455148321974 2072.73777713 
-0.00186815306223 0.703722243113 0.911950366234 801.585680225 
-0.00508317326368 0.819515833527 0.450674834949 2141.07622476 
-0.00934811998887 0.739382225981 0.854420832453 13.6070649685 
0.00236514750151 0.827023650184 0.403181405619 2258.96277979 
-0.00741516129485 0.825233010481 0.453226830953 2093.10677731 
0.0347813088213 0.831319391779 0.255671358491 2319.26642452 
0.0631907273425 0.839266637002 0.252446547591 2232.14415682 
0.0291635539414 0.811759957647 0.285936224013 2329.02402036 
-0.0112883393027 0.808337230008 0.448549290876 2121.35869553 
0.066548387861 0.802008332521 0.390671332448 1946.96338083 
0.0071271157069 0.813905677789 0.461092048475 2103.58593476 
0.158146082063 0.83550032914 0.0676046081295 1614.32863201 
-0.00533707627166 0.809488077317 0.309772752218 2342.88687563 
-0.0116738616147 0.76817796807 0.300618230019 1633.15218254 
0.10838354834 0.831038898712 0.224031193213 1941.3108375 
-0.00903630746071 0.829332145539 0.445176752071 2135.50211353 
0.0961205579738 0.807913222717 0.351760629234 1913.04712681 
-0.0357213391202 0.816167731348 0.333055645872 2380.36484669 
-0.0127453136507 0.814610784296 0.442690819759 2066.30891707 
0.0340420715025 0.820383066363 0.342375317657 2180.02761106 
0.000674581209144 0.812723737581 0.525494252332 1879.83886636 
-0.0259579844904 0.826037543774 0.379178615769 2281.99600831 
-0.0467820994826 0.829966152696 0.161868635313 1998.53798876 
-0.00901031313329 0.817249755557 0.306364223399 2307.30801422 
0.124796732057 0.824954476175 0.295693784618 2053.10282323 
0.0124495814554 0.638789206235 1.06370816361 848.572639265 
0.00339390376159 0.825470527392 0.340090864349 2292.03495584 
0.031254419116 0.863885960074 0.153201019867 2027.1664388 
0.0399188220642 0.794442315112 0.303620611164 1825.01965963 
0.034057636075 0.574411512094 1.03214578313 611.624972233 
0.0847484686195 0.809377048158 0.359224645746 2010.06161339 
0.012776557911 0.809633183471 0.488628045399 2023.40762893 
-0.0126907093463 0.802053625234 0.51858074438 1617.88621395 
0.0605608512096 0.779525221301 0.402021301743 1133.39709146 
2.17077272646 0.412112762213 -0.0610292531963 1722.69223049 
0.00597264070094 0.767090727668 0.651878542889 1368.2541818 
-0.010214352629 0.822252965405 0.438352639656 2133.19962511 
0.0527463908847 0.79024861152 0.435132986715 1484.77439285 
-0.00122005222971 0.784535669009 0.598090815622 1618.68755195 
0.108234439903 0.853988270671 0.215369382127 2152.4861774 
0.00248940495457 0.817757834208 0.372014027386 2261.09276738 
-0.00114994057507 0.715345245917 0.844692825329 1130.38225025 
0.00366493362603 0.828774383525 0.398471610329 2308.90935321 
0.00520690424243 0.820149591109 0.435854061649 2194.78212622 
0.0678323869999 0.836244070333 0.242706031356 2125.11234615 
0.0678090198708 0.852497959748 0.216308408669 2289.74704629 
0.0391517441698 0.816430186328 0.357201309096 2116.74268682 
0.0109220262648 0.80042045359 0.53892152624 1786.80768789 
0.0114525055407 0.825965001734 0.413289298266 2269.71247792 
-0.0534097696498 0.816949950896 0.353156466932 2323.85380911 
0.0487232699264 0.826816808652 0.299946550393 2215.58662697 
0.0170859281832 0.815882245628 0.453141374084 2123.0444036 
-0.00735441620494 0.81217649978 0.436386511576 2192.99643806 
-0.00944177042194 0.818077946301 0.451467077823 2135.75307476 
0.0627656443657 0.832815828268 0.295726362747 2211.78891914 
0.0349005761568 0.797387287945 0.411271545998 1783.20320505 
0.056316425961 0.813314341522 0.373505167477 1967.72911562 
0.0418585984029 0.76525272807 0.408676373796 1157.80771056 
-0.00182017141041 0.782582382231 0.58650424306 1254.06894157 
-0.00558222062241 0.819966917585 0.452093320089 2131.97863832 
-0.0264969602789 -0.322336381776 3.76062807927 7.22112624424 
-0.0138805016745 0.860717575201 0.143841051375 1954.90680163 
-0.00639938246628 0.802776606494 0.449377607366 2026.71951433 
-0.0112496617003 0.828078979065 0.44795751405 2131.26795127 
0.0610191129681 0.826229196553 0.288391339515 2168.79223319 
-0.0356920097653 0.823828067981 0.364260345032 2329.29092955 
0.00736035274462 0.56125163567 1.28578612884 536.798029924 
0.365015865249 0.925764060974 0.0490814307472 2080.40572607 
-0.0173685103931 0.819922193479 0.455439132927 2074.46274465 
0.0373625623292 0.833633987912 0.284210514265 2308.14452321 
-0.0169771370692 0.813941819676 0.316605286434 2370.14348081 
-0.00606594968439 0.887053648148 0.2932512318 1171.77148474 
0.026243500109 0.681598408207 0.599306263816 476.848563693 
-0.00402738700264 0.703454182434 0.858507168593 1191.25356119 
0.00750052721083 0.906377075903 0.233094726442 1322.1768941 
0.0960067342499 0.82125140471 0.239707297081 2289.20268943 
-0.00821894311675 0.827321404753 0.440688888195 2140.56950939 
-0.0103125762131 0.809317155079 0.438694539788 1996.14870202 
0.0787070273083 0.835433602951 0.284235868074 2194.93200908 
0.00776479452858 0.81184026467 0.50380178843 2015.26328078 
0.180022788862 0.82743638397 0.0858697800992 1679.04061054 
0.0376133303624 0.853357939293 0.310998447346 1887.39340815 
-0.00432780741025 0.803283427997 0.528726539378 1555.77964761 
-0.0136121762415 0.804024764305 0.51498164046 1667.86741439 
0.0219812662865 0.784807031898 0.562545922099 1838.27403773 
0.00329070100961 0.759207034227 0.587777566265 1496.38198095 
0.00521328102888 0.739755826939 0.767852596725 1234.32864876 
-0.263260295649 0.683256293578 0.282684230604 1329.33882583 
-0.0260290623716 0.817927402477 0.452452351252 2046.50012212 
0.113276168272 0.852395180655 0.21846004587 2137.04369321 
-0.00798875020908 0.804474529042 0.534668739363 1866.5832764 
-0.00393088596494 0.802483886886 0.548008989229 1867.29557052 
0.00244902409164 0.776133974044 0.614349787737 1359.79619043 
-0.00863854599846 0.82918271598 0.379448693417 2323.43726581 
-0.0198928420777 0.824410443653 0.331171380511 2379.23994832 
-0.0313849239096 0.810741627505 0.327950076852 2334.28619263 
-0.00480839281844 0.749284612076 0.657758497189 680.819522914 
0.0945385807293 0.881682045642 0.132657793319 2264.65998441 
0.00591689826859 0.828241619498 0.402143891137 2304.39314449 
-0.656162160672 0.783832950691 0.11887632592 1749.55892779 
0.000754274904846 0.828108121717 0.463034746068 2007.63830472 
0.0295510575745 0.835159567644 0.275429111522 2362.82439881 
0.0385925146156 0.835166907352 0.278315317571 2318.4303352 
0.0487418565451 0.797914679593 0.434967700561 753.268533727 
-0.0176415522275 0.805334852542 0.458372522132 2013.63983531 
0.0139687166241 0.674036916441 0.928882312303 913.804140913 
-0.0197412936303 0.770371549702 0.57843059873 1651.10901112 
0.0541940561009 0.831572542656 0.301267228576 2220.49652565 
-0.0235950179396 0.825391520837 0.384895666736 2260.5276162 
0.0158290484121 0.818231236016 0.363778115574 2243.89295038 
-0.0130002605531 0.828044388799 0.37372839099 2316.47406826 
0.0125634411934 0.812122834632 0.496431697956 1911.93352347 
-0.0449449817613 -2.00488195942 5.98829832508 46.184228227 
0.304328797469 1.41163606138 -0.0524587982803 1673.33738267 
-0.0336500557323 0.824884634008 0.374976663067 2288.27412905 
-0.00843656500611 0.710005380252 0.848404021543 1151.84290306 
0.00575855794245 0.801031841972 0.439796678123 2000.1778366 
0.0339526233585 0.826073301948 0.259028524697 2328.7918429 
0.0515934956387 0.901307751446 0.197238310709 1700.32651814 
-0.0257084149709 0.814657749302 0.453499998737 2045.31876945 
0.0410903862781 0.813526982315 0.368818047516 2156.00017183 
-0.0666554065349 0.785987347403 0.23221954182 1642.1249792 
-0.0397751501676 0.850251208394 0.147398063965 1846.08072921 
0.0130190607472 0.610854598457 1.13463221414 679.732982825 
0.0230061614319 0.875438461329 0.224001012581 1266.4567143 
0.0104386640237 0.820303931804 0.356259063118 2257.29622627 
0.0113739534727 0.83895962812 0.172882065097 2116.26039974 
-0.00059617356566 0.791395868654 0.567314244108 1471.4359245 
0.0438979217914 0.791619231878 0.433514265995 1584.28924672 
-0.00807720682634 0.812924917409 0.43951243264 2187.0732378 
-0.0239979026429 0.825021644081 0.357722738961 2333.48443706 
0.107566545262 0.837780293141 0.215103668718 2305.18548918 
-0.0169741396245 0.818348925085 0.388101543956 2270.254616 
0.0288873634495 0.822015048412 0.33886216319 2205.28259551 
0.118169420762 0.821990760158 0.22369529566 2282.19594994 
-0.00605844068474 0.818388269814 0.447750200506 2157.82175051 
0.00517136741214 0.82670505381 0.406476435142 2256.42652458 
-0.0126818840483 0.805172848577 0.458126737635 1964.16605504 
0.0717740619128 0.803615025806 0.382717233217 1963.84528638 
0.0443226965552 0.839792784098 0.251077953408 2369.85099909 
-0.012635584756 0.834812713217 0.478456260593 763.713048483 
0.0606267238836 0.848183156451 0.224341072552 2287.49664437 
-0.0030740303569 0.819710316757 0.490730491586 1959.48377055 
-0.0192193779997 0.806880577633 0.503960756139 1936.58946153 
-0.2210019366 0.823191763683 0.14397591677 1687.46361156 
-0.0108735619917 0.824237884616 0.449570557849 1579.26319665 
0.0661579197246 0.808706601132 0.377359512869 1938.69104887 
-9.42768421007e-05 0.758970782171 0.583528705805 1538.51781502 
0.021894961193 0.812259510322 0.285775963668 2330.85014324 
-0.00259589013237 0.80078069577 0.568994182055 1689.68025271 
-0.0152314834914 0.933580680197 0.203475004335 114.023645133 
-0.0433622647422 0.822491144712 0.363374295792 2329.90184438 
-0.0256016847429 0.821133789109 0.341493480515 2266.99921823 
0.00314112342039 0.772567442871 0.657949509294 1343.08169809 
-0.00406108487791 0.820062430616 0.414819781504 2197.20041778 
-0.00697505320044 0.818155855074 0.481732596039 1545.70663727 
0.00326155893849 0.82160922203 0.424230038269 2228.91070607 
0.021553773497 0.780516349331 0.365219456237 1252.74566638 
0.0459413848229 0.811898895104 0.361254212105 2006.7756154 
-0.0529101676649 0.816189983001 0.351067333827 2326.5842789 
-0.0146710537032 0.819628858575 0.312990882967 2292.40109009 
-0.00751279040996 0.832551851957 0.438870567473 1499.24920627 
-0.0335550848429 0.824609309295 0.377491297713 2272.01982831 
0.102188096688 0.805576562635 0.340955090852 1874.35476054 
0.0183568271552 0.800547202116 0.52154335389 1880.57750788 
0.052401699946 0.844399220585 0.241085571092 2356.57627841 
0.00782698524375 0.800604523267 0.543116023861 1760.15435867 
0.000124983357916 0.818274128247 0.445166881874 2146.39980618 
-0.0531041158872 0.821202485958 0.173623291266 1753.69058674 
-0.0122710488923 0.807288160477 0.501089489384 1593.1612007 
0.0190303456133 0.797108131641 0.52318147518 1926.12274617 
-0.0060287556001 0.802283801803 0.44979571425 1998.081848 
-0.108095717271 0.737206840415 0.300067513263 1481.80897222 
0.0566071102379 0.806756093511 0.38143348483 2044.99918012 
0.0102029939034 0.824398263244 0.365346284887 2234.06334528 
-0.0359241793024 0.819902063858 0.351664797798 2270.55071463 
0.00915566567548 0.585786196799 1.26040630507 638.354473684 
0.0184194339395 0.786727548787 0.567191267057 1804.96669228 
-0.0185297325578 0.806741008624 0.459557027768 2043.15682067 
0.0548425277925 0.859388989488 0.274507526582 1848.84222051 
0.00287137333399 0.796047382172 0.5666291451 1779.9321588 
0.00460940524608 0.820852514866 0.354885034269 2262.97051512 
0.0390336486468 0.80325902676 0.390921848981 1839.51927777 
0.0223597844697 0.817940744924 0.37351718839 2139.688523 
0.00206716043572 0.789779610452 0.576616782579 1474.83230393 
0.0358095420437 0.872412797066 0.214892356397 1545.42645979 
0.000571393145031 0.798479395206 0.549850587495 1523.10494523 
-0.0193182185907 0.808260564092 0.49256318266 1792.10286682 
-0.00434028750464 0.828979408008 0.376744300282 2319.33164535 
0.046159203077 0.802129717961 0.384490646143 1698.54428027 
-0.00819150503851 0.803570466811 0.450205581516 2044.5393105 
-0.01690096988 0.825020038031 0.331165496053 2372.93821437 
0.0312757459316 0.823339124115 0.33741271387 2235.0433519 
0.00986628742878 0.819567201213 0.435548662876 2217.69053136 
0.0534652096318 0.812940659434 0.267080480495 2321.88209504 
-0.0351262040929 0.823937629415 0.376870870641 2270.36849529 
0.0559158634637 0.83971448367 0.267948863805 2241.22382588 
0.0522102914803 0.834807608984 0.28844538571 2229.92681843 
0.0572216142163 0.847373378021 0.27474393541 1679.31614405 
-0.000539990879823 0.747484654193 0.696303561703 1428.20130225 
0.00228589914216 0.82268339594 0.344516994579 2262.04772583 
-0.0020166557295 0.557193837926 1.3586862084 630.588903514 
-0.00606908243358 0.815832719771 0.437863973399 2201.6528768 
-0.0236995871788 0.815826966658 0.451813613282 2026.0791369 
0.0726826376503 0.690734016028 0.639761538217 891.862306473 
-0.0367390515465 0.820097231384 0.339138067673 2384.47552751 
0.00655727451705 0.732270262866 0.804673279483 1096.11751384 
0.00845913193491 0.588054480846 1.18738487461 822.211831499 
0.0266404423723 0.821979579345 0.270019689799 2327.80744511 
0.0136650752981 0.81078474093 0.496533857964 1925.49493592 
0.0105567493467 0.788877318459 0.574232981787 1764.45704199 
0.0194987830397 0.828484120767 0.280297511479 2379.1981582 
-0.000748454484359 0.826842966623 0.397964531137 2301.481755 
0.0576987646574 0.814077810203 0.335885858981 2067.76750183 
-0.0085666377806 0.813276825717 0.441316764257 2182.11550658 
0.0532663811163 0.57137408562 0.923073702877 437.625439895 
-0.170175441093 0.8017215557 0.155911430789 1842.33460158 
0.0126413917729 0.809220089359 0.418466086137 1968.73408768 
0.0142644592399 0.823623017011 0.360456571252 2222.13018966 
-0.00518868650062 0.859166416115 0.355978489766 1539.36789654 
0.0235793109019 0.797898926366 0.511918136646 1960.61316864 
-0.0074764549776 0.803186833694 0.523861485246 1566.81144655 
-0.347197643467 0.674492955155 0.153368027448 1545.56778536 
0.00190816111138 0.810117372915 0.410146877027 2203.51092109 
0.0115476021477 0.617935333834 1.1199951631 632.350322289 
0.0626946921844 0.820123197039 0.241324315335 2327.69654935 
0.00358363846091 0.777407414447 0.669174497403 596.972047151 
0.00213302645801 0.690367995587 0.804099639442 1074.34673661 
-0.00406821766429 0.816446921445 0.418753454345 2055.40521218 
-0.0160913585231 0.81286843671 0.465320077952 1793.92927579 
-0.00856022788365 0.759112522232 0.659967620956 202.562935568 
0.05882530414 0.823281338853 0.257506428169 2326.73376383 
-0.00327606782018 0.828870548102 0.378348095755 2317.67247383 
-0.0183434343686 0.827287959231 0.376870344051 2306.04050649 
-0.443800405633 0.801537532442 0.126515295381 1784.95302751 
-0.000586492473499 0.698255601607 0.886588543421 997.682072413 
0.278020276172 0.937743817292 0.0435092868155 2168.44895222 
0.0032020345555 0.823758389735 0.475176742706 2067.30892748 
0.0185544048016 0.808548455702 0.474702360061 2084.97322178 
1.94586120921 1.11216868912 0.100538599941 1579.27398668 
0.100800962532 0.859317889662 0.190402127268 2100.98498954 
0.0487887160489 0.796007052416 0.293599271721 1844.33835618 
-0.00610394504203 0.80140241855 0.546716475757 1903.90286604 
-0.00501310533397 0.810118774063 0.428027861341 2195.30696388 
0.00996414801891 0.81315445862 0.48044241114 2050.66450847 
-0.0208521525295 0.812894776137 0.462741109534 1936.11316978 
0.00324805697547 0.532278458722 1.33552480438 700.80343948 
0.03491702652 0.911018720468 0.205186974055 1622.08322174 
0.0362748889547 0.824933909876 0.188693347908 2132.83262769 
0.0679954902702 0.801574293836 0.392564761333 1915.66519562 
0.0728305308182 0.793904042012 0.169574451479 1894.94579934 
-0.00697524630051 0.81227322378 0.511051045409 1973.32773199 
0.0585273285216 0.755532425442 0.537369068502 1267.60115077 
-0.0335791225185 0.811128733133 0.329624435471 2332.23857003 
0.00943621303905 0.800392465306 0.541336230813 1773.10625901 
0.281653997158 0.86649152601 0.111719263377 2107.18023852 
-0.0264917987372 0.820727669236 0.352740410908 2265.90719859 
-0.00786739639006 0.740026759692 0.758668457661 1310.30053609 
0.0661417959335 0.66496412605 0.692425866047 699.762766684 
0.0677985036388 0.82090942708 0.284394495015 2085.66598618 
0.00719364727414 0.769116937311 0.659647241523 1458.35068836 
0.0552308203145 0.77836944762 0.411335772617 1247.22245409 
0.0471579213651 0.840627289696 0.325028397726 1955.30764308 
-0.0421013644064 0.821650966089 0.369785596117 2275.03223569 
0.0102750487871 0.772192950873 0.27569929634 1564.81997836 
-0.00602928575169 0.817267580767 0.41983829364 2246.47747879 
-0.00462842294395 0.823422757398 0.414765740326 1973.03532641 
0.276991642601 0.89449754857 0.0936333359909 2215.47667867 
0.0369383253636 0.82776412744 0.318050432759 2234.87711576 
-0.772321326216 0.61159025047 0.158756622942 1523.79833887 
0.0364019618717 0.798948707712 0.40563340023 1791.02084673 
0.171902552869 0.903036416323 0.0897172021151 2253.74646728 
0.00397684555884 0.743943888053 0.791788894879 710.898393232 
-0.00108967046932 0.811491520016 0.534170724449 1815.59811021 
-0.64694523578 0.617829385569 0.0823666046506 1423.48147392 
0.0183076222837 0.81866467159 0.287352373025 2357.58656839 
0.0871655695207 0.816393524882 0.338453644997 2073.53176659 
0.0110927320803 0.715963931922 0.799632529883 1057.63321406 
0.0681491004572 0.661519807901 0.73757813694 820.549822232 
-0.00125865888753 0.825758787114 0.353959857403 2284.78414253 
-0.0440346218954 0.822864299583 0.369122725984 2296.6828297 
0.0946349339173 0.823627344304 0.314905375591 2110.87971391 
0.103360250934 0.888086127168 0.0292294351944 1523.07021004 
0.0124154055758 0.811810091545 0.485561379284 1984.12379116 
0.023759783552 0.827442005846 0.314052675452 2283.97876607 
-0.0489029255866 0.816718081694 0.348692641227 2302.48943671 
0.0690576894539 0.854371463042 0.210958093266 2298.86719013 
0.114373488841 0.83185237942 0.219966257009 2284.42527667 
0.038944155404 0.80580617549 0.394843235131 2072.0871833 
0.0337503130982 0.826276095166 0.324713060985 2236.75333804 
0.0498823809652 0.842210881652 0.251650169157 2335.81056817 
0.21604824887 0.861691416327 0.146380157716 2238.16770429 
0.0336167770075 0.896325595569 0.235090652063 1625.73556316 
-0.0295230232269 0.43989294082 1.54131482819 180.067015266 
-0.0154740971025 0.820720598778 0.44307081267 2091.77556275 
1.2840194561 0.39156495727 -0.078374161988 1586.0511579 
-0.000828582029065 0.827333920243 0.395590416933 2307.48126113 
-0.0674374040562 0.711968764436 0.33622001609 1279.73698164 
-0.0125403979203 0.82723669336 0.367334240485 2312.12695409 
-0.000136921373378 0.829326279783 0.392990359809 2315.47814995 
-0.00129171082664 0.478502153386 1.49432197056 561.008394831 
0.0186680720734 0.835063659023 0.365955851343 1981.46986891 
-0.000946355762426 0.802678143969 0.442662379414 2047.73110597 
-0.0146885644631 0.809646219751 0.316318163477 2346.98150119 
0.119998625261 0.851114003885 0.214493435753 2092.43660461 
-0.0181178103637 0.81655795901 0.453207497935 2037.99901164 
0.057948298624 0.847072274267 0.222778343396 2296.66069204 
0.268220193975 0.898505920259 0.0901391005826 2223.88868651 
0.0145284431444 0.823148305139 0.424388220748 2252.9876024 
-0.0444813772082 0.812908138348 0.339341199193 2329.62824053 
-0.0108981262876 0.828632146183 0.382870989891 2308.08645361 
0.0764587082979 0.853945911695 0.215069196442 2249.26759861 
0.0156772784377 0.808167077946 0.40358862884 2154.63762178 
-0.121976036851 -2.26732989535 5.83224078925 29.7088364452 
-0.00241650653035 0.807208530751 0.520955967146 1567.99051068 
0.000365922326328 0.821538951312 0.459564897586 2108.68780811 
0.00603925465983 0.583052338309 1.18574545076 818.624994377 
5.28160754454e-05 0.734665850783 0.792110319108 1180.50244712 
0.0672398415058 0.818940085131 0.339820465123 2139.11461719 
-0.168142564774 0.775134461585 0.198394594433 1665.4675238 
0.0160001375068 0.805682092216 0.492416767818 1997.813876 
0.0374636356816 0.816608588822 0.276960739447 2332.67905805 
0.0665869283635 0.812792069415 0.191339963024 2096.89749737 
0.006735028083 0.811987049979 0.508827210498 1997.92713053 
0.00307716094777 0.805726936301 0.426860457691 2131.25215997 
0.12401357247 0.816582845534 0.188327275936 2141.84861561 
-0.985383151008 0.476652193471 0.406905762778 501.009677857 
0.208117086611 0.907869033635 0.0815140776553 2240.77545399 
-0.00109043280046 0.873814013375 0.314780592809 1553.92405438 
-0.00365213231803 0.740700396586 0.666876454874 1345.45576523 
-0.031519743851 0.288423543106 1.97557934721 112.272436226 
0.0479395963736 0.66007391431 0.634801331263 664.84419506 
0.116885543448 0.822105761146 0.256639464466 1930.487854 
0.0714627681798 0.864884776675 0.175520090547 2227.22355354 
0.0106465369126 0.829863315214 0.296830695653 2374.02007034 
0.0792826379081 0.839380747102 0.270888464673 2204.64458819 
0.033135199131 0.827636477589 0.308141751503 2262.84767189 
-0.00767014918158 0.831926649579 0.492977661442 592.299074228 
0.0189827041924 0.785373680621 0.566588624844 1839.84761973 
0.00731138602615 0.760596919042 0.680292350103 1307.67325562 
0.0424340397422 0.903395631261 0.213892284618 1687.01234314 
0.0199523427777 0.787670961634 0.520910179997 829.49583066 
-0.0233963537205 0.815439789955 0.453972118981 2012.6490349 
-0.319087999827 0.87010342889 0.141807920339 1158.50088658 
0.0825003203752 0.844742769667 0.216093801226 2351.67310468 
-0.00843000381182 0.828909402783 0.375676078491 2321.8231625 
-0.0497473385336 0.81958891885 0.360483815854 2292.27493919 
0.0871527805952 0.813907913186 0.345386339489 2051.30596258 
0.0738312085877 0.839797322281 0.227904412893 2351.2862295 
0.00993415015323 0.788787582112 0.575290422238 1804.45233148 
0.0054744836145 0.771716892995 0.63801698564 1405.60250609 
-0.0328408629175 0.820236789145 0.362690265424 2267.21760897 
-0.034037937441 0.823789777277 0.360288243339 2339.31521044 
0.0114817062857 0.731004489035 0.772533960245 1070.88748216 
-0.0187489962159 0.805988820497 0.457911942264 2008.29923379 
0.0403770067912 0.79960666576 0.415935225173 1927.96352647 
0.0104675067164 0.788177341392 0.576176850665 1801.88434846 
-0.0163713780447 0.820531514796 0.455052574769 2076.594841 
-0.00073871695199 0.823290417245 0.415561406661 2251.48596083 
0.0464976650123 0.821170768806 0.310023792371 1905.48630134 
0.00617451551096 0.818700122093 0.29623322333 2368.85189095 
-0.0504427593958 0.820542360776 0.360972518795 2326.37490058 
0.0144106135806 0.830436077991 0.202908645836 1869.62517333 
-0.0184391983029 0.820674285601 0.357830766413 2267.22524579 
-0.0242088301238 0.815350503019 0.447839834185 2048.31522519 
0.00878985838616 0.841444633095 0.368382779348 1773.7811137 
0.00846095819275 0.726956105335 0.76315318769 1155.32418023 
0.0418288054041 0.814792400998 0.276007588887 2324.43097763 
0.0142383935172 0.812367360909 0.461845846107 2124.94883499 
0.06737986229 0.801506465339 0.393174092322 1915.03529774 
-0.0411439024998 0.822898770587 0.363548656256 2330.74925415 
-0.0113796074355 0.828035237514 0.44184538841 2141.0570298 
0.049371247044 0.829468284311 0.291263535803 2233.22399893 
0.0426873687961 0.918876244403 0.148570365424 1704.73945722 
-0.00269924157733 0.706164497047 0.867674929619 1119.54106613 
0.171116158607 0.945022967999 0.0352744836934 2136.85914531 
-0.00212424034405 0.823374933926 0.479352965285 1980.21752609 
0.00731218481432 0.779563689803 0.636320465876 1521.91585421 
0.0118649593132 0.816889973511 0.371440649135 2244.38746815 
0.035663015024 0.80098789734 0.298157305362 1844.93147897 
0.0092132634551 0.819560774819 0.474843800599 1979.79253036 
-0.011473048847 0.825558453587 0.343436338238 2331.60793359 
0.0632645398596 0.814383088299 0.258074565507 2321.67978788 
0.090697734627 0.815154451226 0.340248019856 2054.63643572 
-0.074301621688 0.744908612606 0.275171610063 1463.78173205 
0.00300478049165 0.818475866811 0.440277062206 2177.90592319 
-0.0131623686425 0.820968373392 0.312935206447 2388.77045159 
0.0590377702968 0.732518510197 0.594136473762 1157.58149109 
0.00392480087461 0.811160863393 0.402784805883 2213.27454181 
-0.0018517730258 0.811186629957 0.411213976053 2219.51585301 
-0.0403203430152 0.822913910429 0.362268624895 2335.39163987 
0.0569242869918 0.846591439377 0.218532904795 2302.07465505 
0.0293482452715 0.819922557818 0.355759970652 2167.75832999 
-0.00122878969411 0.819015612136 0.442818714867 2179.1204375 
-0.00970834745485 0.822375128547 0.310707246926 2282.3695484 
-0.0366870286644 0.819348528171 0.344994393666 2275.83003865 
0.00560645271124 0.819952824944 0.463451145448 2053.05836045 
-0.018624124863 0.76655961957 0.586619523478 1625.07651711 
0.0808090185798 0.832359594113 0.293717455005 2181.68434263 
0.165348461868 0.832272473192 0.191933571444 2245.88543398 
0.0202263141267 0.798402288031 0.522091122677 1897.24834687 
0.100403233561 0.853495108794 0.220028904251 2182.76415587 
0.0389948535447 0.83074477666 0.353746328131 2016.89431891 
0.00552032145049 0.849833830933 0.162071847817 2109.59602145 
0.0063040844429 0.74615872558 0.754962159253 1217.85669994 
-0.0127824244297 0.757685704127 0.597667232347 1570.24381253 
0.0377647693145 0.812813558179 0.369602844073 2058.37540085 
0.0619383219217 0.827438867147 0.214397593817 2281.50831735 
-2.15888354701 0.144801908427 0.395599545441 763.171623084 
-0.0037976783791 0.817311921587 0.433538311283 2216.48128537 
-0.000388493004103 0.826988879474 0.382194384811 2288.86088184 
-0.0300871147453 0.850365923431 0.149311909062 1849.36346638 
0.0546271558171 0.83507925472 0.211704127117 2292.85635501 
-0.00415480698009 0.75244503407 0.702754598901 1428.71466037 
-0.00127149400923 0.812691549343 0.420709703104 2097.43119458 
0.10586005434 0.811564124416 0.342509687089 1979.56081996 
-0.00910038846377 0.808838320974 0.52086132909 1962.85705101 
-0.0318970115108 0.817277896769 0.329938396285 2384.70974862 
0.0884857830087 0.866358810239 0.173051578229 2323.15975448 
0.0857078554217 0.848872687393 0.237418829673 2216.75109685 
0.0408713238374 0.837007126166 0.2711453212 2327.29482758 
-0.014892241802 0.82390098156 0.452975837717 2061.19910377 
-0.0151786772467 -1.42710540458 7.28097067545 54.7015823131 
-0.00602187564037 0.839460734336 0.434611537995 1420.19574068 
-0.00151234061181 0.827936024188 0.388353854254 2310.68208082 
-0.0108163363586 0.814427248713 0.447940157287 2156.4281468 
0.0110399277816 0.610892029969 1.14503299826 731.540411539 
-0.0099269251397 0.75808243623 0.605519838545 1534.19250912 
-0.00157856826997 0.789018819297 0.605437204607 1556.4069873 
0.252407662432 0.89714492814 0.093789812029 2234.89006399 
0.0161399412796 0.700089656874 0.873682476006 831.661681918 
0.0485835743989 0.814850243511 0.348101711755 1962.63073382 
0.00928039930491 0.771978270136 0.66311224829 1432.45587725 
0.00627108757596 0.762318267035 0.68718975359 1246.59813029 
0.0122358110893 0.811827639055 0.282842989465 1785.26200093 
-0.00198250413213 0.783316586451 0.607389745882 1737.74253687 
0.0837223493312 0.854893024561 0.214477675915 2229.11876663 
0.0217377225845 0.807351838904 0.415366506741 1946.42290672 
0.138197835983 0.817838505988 0.182534839458 2126.66015569 
0.00381518462784 0.795169384423 0.565643397185 1713.49705456 
0.129286203521 0.835618833937 0.262794676639 2089.71147803 
-0.00323223324632 0.744686569662 0.722779727753 1421.09939537 
-0.0036383568815 0.824941825553 0.455360026569 2104.64630827 
-0.0284564220656 0.825208183586 0.381030883437 2265.66603319 
0.00122191875938 0.81522740101 0.38583605953 2251.67038452 
0.00920832835972 0.821714624221 0.429200923941 2205.23763823 
0.0598005174164 0.802862747909 0.331549487938 1556.3067438 
-0.023649747625 0.825571885746 0.364896195574 2321.95332117 
0.0312413573265 0.786871143043 0.45221004215 1653.94342933 
0.0653446750813 0.814190943998 0.312268350903 2079.41799414 
-0.0119179793479 0.817018859425 0.438784435837 2096.69236906 
-0.0068657986717 0.80480904834 0.447459784807 1986.7025476 
0.0706739923343 0.807972364491 0.348341836343 1748.12319286 
-0.00446847508156 0.821035287424 0.355116269602 2266.88407395 
-0.017098848903 0.755524877781 0.674622354738 804.9167706 
0.0603885654045 0.812703862051 0.32179020151 1589.80380559 
0.0226595927813 0.622410987879 0.934406256521 785.987195325 
-0.00971249138248 0.827676094311 0.368387283194 2310.62793566 
-0.00955000597324 0.82816690956 0.38829597423 2285.19035973 
-0.0178050004747 0.818591232352 0.387917775893 2270.20213795 
0.00430040217178 0.818945819712 0.4377218628 2192.87668016 
-0.155935666685 -2.84093627401 6.78955181534 21.6317635077 
0.0451969923123 0.815248868243 0.264953916301 2332.99559321 
0.0353691868077 0.83265365499 0.263184969164 2373.21822665 
0.00335006615038 0.459784704289 1.32979521945 409.133764049 
0.00806085620554 0.852493468277 0.449289744751 831.900866181 
0.0301551571888 0.811994711912 0.280972188545 2330.47674051 
0.0732812179824 0.864825278223 0.176967058672 2244.31635419 
-0.0326026378013 0.821025844027 0.375100990463 2267.08599788 
0.0153824908085 0.743874970549 0.764432377589 775.459536308 
0.04092419887 0.827470012984 0.318831738717 2229.65241919 
-0.0116304051454 0.811562976615 0.31347899588 2357.70340932 
-0.00717319937214 0.825905166382 0.33557643788 2336.57538747 
0.0654320790591 0.804908272325 0.382121301698 1999.81389989 
0.0183318475272 0.798499006732 0.529839043774 1856.76474932 
0.0106270408699 0.824433052177 0.363267590383 2234.89548584 
-0.00315374933182 0.822059607489 0.455654019554 2114.02705712 
-0.0334558454169 0.820226728983 0.362119360472 2267.36470675 
0.0257576423871 0.827005940359 0.31499670007 2273.87273794 
-0.00619548145533 0.8569023045 0.371713551666 1435.62772016 
-0.0123922647654 0.757434150083 0.593848516606 1574.45908425 
-0.00313329573297 0.829455969748 0.383285868037 2329.76137545 
0.0626265415269 0.800963885612 0.39671280274 1928.65898097 
0.00884915409779 0.741621326718 0.726838858398 1182.70070929 
-0.0259665603394 0.816095444953 0.453289941545 2048.9146508 
0.0552283251035 0.806618551809 0.392195165451 1923.54538607 
0.0605702859902 0.838712366111 0.256673529156 2246.82876849 
0.0872463763992 0.791211632084 0.354101029048 1717.05457776 
0.0190200531001 0.819091330101 0.439444482912 2183.95089698 
0.04251279424 0.81594446825 0.354415213844 2109.97175478 
0.0137386342402 0.823962387662 0.421339014 2231.76773842 
0.123049732811 0.818672578529 0.283748758931 1940.24764037 
-0.00723702451928 0.761218813165 0.687303510664 1452.55827221 
-0.0129874476275 0.82552677186 0.326349993187 2373.94841898 
0.0437449513609 0.8118840861 0.275634761452 2321.93294809 
0.10344710206 0.840621869113 0.212761188745 2317.58174714 
-0.0107965747306 0.815666175753 0.437451592918 2094.85183842 
-0.0168152934361 0.823356924504 0.451264502834 2098.1009749 
-0.002850332192 0.818189057004 0.438520719212 2198.68608592 
-0.877719922786 0.541688695057 0.151208147465 1460.41122986 
0.0632402799413 0.809861858446 0.375968350125 1948.64652448 
-0.013661738338 0.692291110429 0.859244994174 734.71620091 
0.0102837076999 0.729827282971 0.762338570279 1112.72152221 
0.00443996564426 0.70255313643 0.839218737748 1208.23214068 
-0.0148023533769 0.937113608942 0.192846440594 144.303706504 
-0.00633797491569 0.826501943392 0.322582626135 2364.98015143 
0.897263681994 0.922537085912 -0.241168043355 793.39523344 
-0.159999585813 0.701605036158 0.339014550028 1118.15548455 
-0.0131882642336 0.827260771976 0.367995963692 2313.0555162 
0.077396006604 0.80378997217 0.381906196144 1910.3974143 
-0.00699852813447 0.82127684023 0.418239572331 2039.45616039 
-0.00780399472568 0.821654899086 0.439234635969 2139.23265765 
-0.00524404922108 0.794470202078 0.662125956983 60.6736930418 
-0.00469227870962 0.809737674016 0.428259021393 2190.92713976 
0.0410207154977 0.80775312994 0.377165954605 1939.61927179 
0.00324441816331 0.86772650657 0.321617023691 1620.92615556 
-0.000170342548302 0.811363482033 0.421576432035 2080.21540337 
0.0118986518802 0.810620684869 0.405395791648 2059.86446781 
0.0224032834558 0.764266245724 0.553775317402 1459.133419 
-0.236993287395 0.83345424995 0.130259604664 1763.09354222 
0.123296514125 0.848952676856 0.215856882197 2069.54350474 
-0.0243777627783 0.816595345875 0.455752600243 2054.46487252 
0.0212927933427 0.814581313164 0.4549859465 2129.38441619 
0.00495423726129 0.826375592792 0.458715515508 2030.56371894 
0.0258733537085 0.791485611612 0.532647058008 1903.28659857 
-0.00261556874138 0.829633329964 0.385615646336 2333.10218224 
-0.475957516347 0.643838307032 0.312885112317 1004.23824959 
-0.021930494311 0.785557000022 0.533160955305 1761.74085692 
6.92915008737 3.32329102368 0.585284373708 410.1555594 
0.00327743786735 0.83073060082 0.393551249213 1892.64318424 
0.103540191093 0.985823200786 0.0442775346777 10.2636508168 
0.0063904686989 0.824962544384 0.348239091152 2266.5009742 
-0.0295544820205 0.824435647993 0.35997216701 2336.27854761 
-0.0447824416957 0.819888290846 0.361043003432 2278.04991816 
-0.0210837118327 0.894610250864 0.0870001694096 2055.58035832 
-0.00743262541503 0.828513407091 0.388951928355 2291.80840626 
0.0344232925304 0.805359660306 0.410165746007 1924.29795682 
-0.0252486496238 0.825821270489 0.382414012791 2265.75200432 
-0.309730685068 0.700673781034 0.306114820824 1193.85679268 
-0.0343542332431 0.811294801485 0.330227180827 2331.28334798 
-0.0308756171884 0.821465813985 0.334897589458 2387.62554869 
-0.0213964220832 0.783437140049 0.534609825766 1745.61815163 
0.0767488012737 0.818897917814 0.252409662838 2300.86816433 
0.00532721577185 0.497119549491 1.44714389869 644.737167651 
0.00271983339156 0.808401523131 0.536028851937 1786.95698849 
0.0226479280528 0.810389033568 0.467888020075 2107.78252181 
-0.000523864929103 0.825171647637 0.390990966218 2267.9295811 
0.00719675011017 0.80435760565 0.432908002191 1945.43535478 
0.108743827947 0.833653982626 0.28058659854 2133.10099393 
0.287559016303 0.883194498181 0.102464166116 2184.45651752 
-0.0291520030698 0.823480381303 0.343725040991 2370.51790412 
0.00973345268436 0.825621802834 0.414057960668 2288.88602516 
-0.00921668049552 0.816486049585 0.433195627334 2117.73662409 
0.0169107928708 0.831185530427 0.294405302916 2360.46262776 
0.00860310962748 0.809941026992 0.411373242055 2055.61270985 
0.00169906746944 0.744271930705 0.732023564502 1423.49023053 
0.0470356512314 0.813359637148 0.352513280545 1881.78657559 
-0.861777888104 0.572054712404 0.290021266629 1199.44264439 
0.0392141697755 0.837419389515 0.269367215692 2339.60466465 
0.00358047820527 0.822982961484 0.477635656699 2063.86007475 
-0.00393262420664 0.810354001993 0.308569474099 2347.80161788 
0.0197983030687 0.825699408718 0.380987483954 2071.15659028 
-0.0092632022691 0.814190749078 0.444155192453 2173.65390024 
-0.0239001358372 0.691495111763 0.833017815773 489.882103178 
-0.00211051460616 0.806682050998 0.522909079583 1565.9404892 
0.0012021948256 0.819421290915 0.437625797688 2196.41849241 
0.00787936482909 0.780208855929 0.632195869812 1517.84675568 
-0.0127451340581 0.807989668631 0.516622037825 1935.41086428 
0.0253123619524 0.910233095943 0.213617325078 1440.54213633 
-0.0163335213768 0.824590532624 0.392429326077 2259.5714236 
0.00255498905013 0.812971024656 0.522115841583 1854.650855 
0.3726832542 0.947809468764 0.0316189480329 2075.34135459 
0.0414509830521 0.828085224747 0.301314316818 2245.50823142 
0.0617318915425 0.832189172044 0.316666827442 1805.66438628 
0.755817681421 0.801678508387 -0.172845525037 982.162575933 
0.00322545182148 0.826220195443 0.453812927357 2068.97713359 
0.0459258159051 0.80418567751 0.270764261333 1857.96338187 
-0.0242999279367 0.821800796539 0.386420459923 2265.72828549 
0.000352705073074 0.822467124149 0.416376681131 2246.04263953 
0.0641945188235 0.809721300226 0.375201313864 1946.42302852 
0.0614058945036 0.812769284538 0.329264828424 2065.25381745 
0.074121150375 0.859997807773 0.193620837546 2296.88447531 
0.00299544152028 0.79965537695 0.552729831489 1716.64323438 
-0.00486249060022 0.821372511859 0.302974743992 2294.54419322 
0.0200890423446 0.810043996854 0.291897223888 2330.90269687 
-0.853036105813 0.534076904371 0.14280555598 1445.17279092 
-0.0161430461979 0.76508550504 0.601312886135 1578.22087757 
-0.00596919171063 0.819985981449 0.413468351573 2255.91615072 
0.00248175516501 0.821773156434 0.4252290684 2234.49648827 
-0.0133502319195 0.82146209156 0.4699808036 1887.30713983 
0.00229312235541 0.812015929657 0.51719612389 1819.16089716 
-0.00638633498226 0.812973325604 0.428659009798 2216.48003135 
0.0493487675475 0.815170022766 0.271224751529 2318.62889209 
-0.00255469928036 0.797439192325 0.549677770683 1555.44507767 
0.0487862724893 0.821424484945 0.265277977432 2333.1693859 
0.0292726970208 0.834008079932 0.278758784905 2267.52033706 
0.00561075718137 0.821435507898 0.35152569905 2262.05925826 
0.443672484267 1.05790688197 -0.0159510858594 1665.18106477 
0.00694460423958 0.82523264721 0.367675485011 2248.47434686 
-0.00292440595114 0.79653947846 0.574762285068 1721.0345729 
0.0186688055777 0.821184736871 0.349844661525 2248.53288059 
-0.0494300440524 0.924603095458 0.0136217525014 1469.0339498 
0.0206714915625 0.795085748251 0.430852648612 1855.07520009 
-0.086744356104 -1.00493142457 3.49550380969 46.2652749699 
0.0371106572309 0.817565380721 0.188225590519 2089.51805643 
0.0253769207553 0.828158489388 0.274842532818 2374.06160763 
0.00869240469124 0.743506564306 0.744541259112 1096.5412248 
-0.00842581683203 0.811710252521 0.440201502229 2178.20147489 
-0.0425646303872 0.822779232918 0.370988312559 2282.51236304 
0.0112585557921 0.812672406596 0.412532788523 2002.04164607 
0.00101587753515 0.568139479037 1.25562207165 509.494326894 
0.0478107703185 0.819645863551 0.326129975987 2162.2376033 
0.129853922411 0.824699945138 0.270824698394 1988.51962693 
0.00848796169337 0.767962759074 0.677721113715 1403.47860348 
0.00101050254866 0.343713071044 1.99930143415 478.934408807 
-0.0429033872863 0.814425771666 0.338935941926 2367.50466109 
-0.00230112505122 0.829018884534 0.384769713297 2324.54782282 
-0.0199565561185 0.826891055886 0.382233734834 2281.22230079 
-0.0243341760242 0.809959141374 0.322740893422 2337.25661987 
0.299810374427 0.996209350469 0.0131772053834 1.60020279691 
0.0709444342479 0.815018445369 0.25696478401 2308.95924207 
-0.0130422476995 0.818007035133 0.454669638111 2109.82289947 
0.00940146688943 0.882531680715 0.282986877203 1606.55513835 
