Test results: GP Error -- DGP Error -- Mus -- Sigmas 
0.00928843767976 0.275118659495 2.05242575075 163.495562602 
0.00430078362533 0.305120277822 2.05242579235 163.495547241 
0.00640142886443 0.217031924961 2.05242568957 163.495597544 
0.0674179435939 -0.412769559814 2.05242555392 163.495579022 
0.017983735189 0.10584342008 2.05242566675 163.495545183 
-0.0202573886923 0.176745465143 2.05242570123 163.49558629 
0.0258734699769 -0.227135906251 2.05242556858 163.495585476 
0.107911926627 -0.13568583498 2.05242558606 163.495583124 
0.0195882228886 -0.260187286036 2.05242568468 163.495548273 
-0.0121824939022 0.114841310386 2.05242564551 163.495578681 
-0.00960092167396 -0.15735150258 2.05242570792 163.495433163 
0.0028138049549 0.158292355881 2.05242566962 163.495600786 
-0.341779437464 -1.7882499856 2.05242556307 163.495573737 
-0.00447733125628 0.110563862281 2.0524256251 163.495605027 
-0.0220035007336 0.190893998448 2.05242567532 163.49558641 
0.280347431157 -1.80481110536 2.05242550649 163.495558146 
0.0396819136251 -0.267205623217 2.0524255669 163.495583933 
-0.00481547190727 0.196588002681 2.0524256985 163.495595042 
0.00013792975074 0.0825860335049 2.05242566973 163.495583416 
0.0962620122383 -0.658721158376 2.05242552489 163.495571298 
0.0287081577902 0.0177522902679 2.05242567254 163.495572102 
0.0184806031589 0.19886731534 2.05242568648 163.495602617 
0.0644683574107 -0.738141592613 2.05242555159 163.49557765 
0.002110657977 0.213792493238 2.05242568705 163.495596511 
-0.00895945316936 0.247287939253 2.05242575373 163.495572293 
0.097879480308 -0.440214796279 2.0524255846 163.495572433 
0.0052977685011 0.166668044698 2.05242574172 163.495548018 
0.0165179699734 0.300878491749 2.05242578814 163.495532093 
-0.028899857454 0.0109416233335 2.05242559119 163.495599456 
0.018970017386 0.027968640289 2.05242560306 163.495594324 
-0.00415477457804 0.161480720822 2.05242572859 163.495558645 
-0.80813308004 -3.68989477107 2.05242554256 163.495568528 
-6.07397045098 -61.5219741059 2.05242550602 163.495553549 
0.0405058377307 -0.0360421193155 2.05242558826 163.495592156 
0.028824471127 -0.00620031477084 2.052425641 163.495585406 
-0.0373517274974 -0.163857234051 2.05242555938 163.495588552 
0.00208740259955 0.117900419629 2.0524256316 163.495606714 
-0.0371452829878 -0.164263359986 2.05242555946 163.495588523 
-0.0151799633994 -0.222878199718 2.05242555414 163.495585229 
0.0790351326788 -0.699632347323 2.05242555671 163.495577632 
0.0051820053473 0.164441476357 2.05242573997 163.495548975 
0.096790495364 -0.526203968973 2.05242553985 163.495574701 
-0.0210471751323 0.17844743806 2.05242570383 163.495584929 
0.0108027621258 -0.0627375061871 2.05242559882 163.49559259 
0.023670853409 0.207431066276 2.05242568432 163.495603581 
-0.000904223996916 0.335758397755 2.05242586091 163.495430748 
0.059482572522 0.0400568693238 2.05242571956 163.495540871 
-0.0290431274448 0.0109713908073 2.0524255912 163.495599466 
0.0424522102509 0.01101644816 2.05242561935 163.495576875 
-0.0160567394436 0.192272011823 2.05242573498 163.495563856 
0.00593602858734 0.10359847373 2.0524256997 163.495567498 
-0.021865241019 0.184351509892 2.05242571835 163.495575505 
-0.0602582842818 -1.31182080185 2.05242552286 163.495569674 
-0.0184704148991 0.194545779916 2.05242567614 163.495589354 
0.0755584772042 -0.0684115406758 2.05242558949 163.495587423 
0.112799639708 -1.12165838778 2.05242553258 163.495568055 
-0.206206557875 -0.591122651494 2.05242565115 163.495510157 
0.442946995159 -4.86355472385 2.05242549877 163.495551329 
-0.0196300924482 0.206528502276 2.05242568898 163.495577805 
-0.00848426404865 0.211500978925 2.0524257121 163.495590945 
0.0713961868837 -0.0219290033714 2.05242576463 163.49532763 
-0.0423410346674 -0.0620484842154 2.05242558109 163.495594862 
0.000349527879391 0.279647553099 2.0524257814 163.49556361 
-1.02513828581 -1.77098333837 2.05242574391 163.495493576 
0.0688880915809 -0.429813120229 2.0524255418 163.495576958 
0.0110328206634 -0.0055464676613 2.05242561582 163.495594186 
-0.690537759633 -3.42794428144 2.0524255168 163.495565988 
0.0152777400724 0.166783364689 2.05242575279 163.495536973 
-0.0121383686034 0.224360175616 2.05242570329 163.495572225 
0.0644160129071 -0.294050774446 2.05242560436 163.495580561 
-0.00566395460645 0.097621222152 2.05242562678 163.495594097 
-0.104911209377 -0.47216474106 2.05242563835 163.495527323 
-0.0376731215453 0.0331441207403 2.05242560055 163.495601857 
-0.0262464109622 -0.0806765885332 2.05242557152 163.49559351 
0.0428201477192 -0.0543391266815 2.05242564075 163.495581062 
0.0304167975385 -0.135011052453 2.05242556735 163.49558971 
-0.0234899660365 0.0282064120003 2.05242559606 163.495600331 
-0.0704104854155 -1.4944336833 2.05242554327 163.495570027 
0.0506703556283 -0.0247948049163 2.05242559454 163.495590185 
0.0523069600757 -0.514453131448 2.05242553492 163.495576875 
0.0040972786296 0.211405298968 2.05242568504 163.495597745 
0.0744182142793 -0.594131339273 2.05242555601 163.49557651 
-0.0367532467019 -0.0771808244731 2.05242557174 163.495593899 
0.0168574606023 0.0315023056559 2.0524256504 163.495585695 
0.0740963244428 -0.0573328333026 2.05242559309 163.495586667 
0.0424246482307 0.0160828454892 2.0524256436 163.495551652 
0.024129126105 0.208605365965 2.0524256859 163.495603506 
-0.0396708400299 -0.142338432124 2.05242556131 163.495589905 
0.00855287423627 0.00144189365619 2.05242561655 163.495594758 
0.00966800628837 0.244128314116 2.05242572188 163.495594534 
0.0191560581129 0.0511303471014 2.05242561964 163.49558569 
-0.192200881593 -1.17082867916 2.05242558241 163.495568203 
4.70906977892e-05 0.350589856927 2.05242589712 163.495474884 
-0.00152273653437 0.117482608001 2.05242565258 163.49559955 
-0.027304957319 0.0530254872079 2.05242560886 163.495602966 
-0.0133298229142 0.0826597858752 2.05242562028 163.495604595 
0.0743489620619 -0.190934830941 2.05242556555 163.495586699 
-0.0743253358859 -0.929297984042 2.05242558039 163.495575923 
-0.023320048476 0.170135082062 2.05242566214 163.495589431 
2.86777532984 10.4847631678 2.0524255017 163.495555772 
0.0207567104293 -0.00644379067897 2.05242562389 163.495591689 
-0.0205064224589 0.0564667065548 2.05242561343 163.495602556 
-0.0341434919212 0.0433952363103 2.05242560143 163.495602539 
-0.0515957007622 -0.0883471437961 2.05242557066 163.495593337 
0.0377315432254 0.346258306776 2.05242598511 163.495326019 
-0.00466002460936 0.299130051598 2.05242579628 163.495558327 
0.0516632354402 -0.377853872589 2.0524255456 163.495578799 
0.0569087487042 -0.0589116812241 2.05242558606 163.495590294 
-0.0338330349627 -0.0156571114813 2.05242559373 163.495597717 
0.114035450116 -0.568579837529 2.05242553042 163.495572261 
-0.0102215285715 0.173244089534 2.05242573014 163.495561177 
0.0497869843759 0.0452478595838 2.05242578269 163.495477849 
0.0021262298215 0.34271674784 2.0524258654 163.495467508 
0.0159900772693 0.192362414562 2.05242567092 163.495603707 
0.0149315476118 0.287493326287 2.05242576845 163.495546408 
0.00518970027747 0.182153123523 2.05242568285 163.495600127 
-0.00328340749946 0.117048618002 2.05242569838 163.495571447 
-0.12561343398 -2.18287888841 2.05242553182 163.495565957 
-0.0210269453021 0.203475032117 2.05242572829 163.49557453 
0.00689274076107 0.252681336957 2.05242572776 163.495592044 
-0.0475655921414 -0.0504958290193 2.05242557693 163.495595838 
0.214447731275 -1.42908537524 2.05242550999 163.495561082 
-0.00325530501966 -0.208105386537 2.05242556166 163.495586157 
-0.0764095158947 -4.45995147086 2.05242551267 163.495557532 
-0.00828634867069 0.0607472223225 2.05242562251 163.495600823 
0.0552165306763 -0.710143941977 2.05242552833 163.495573253 
0.0157976085528 -0.271153108336 2.05242568644 163.495546853 
0.0356516919441 -0.217722109604 2.05242557495 163.495585846 
0.0626769382234 -0.0632537075618 2.05242558645 163.495589592 
-0.00999774364796 0.160252148637 2.05242567713 163.495556782 
0.0199699629475 -0.00152297943869 2.05242559356 163.495594762 
0.0553468470499 0.0634662299015 2.05242577841 163.495485359 
-0.00584988546452 0.289025177067 2.05242578011 163.495568094 
-0.0387556814395 -0.0766756215075 2.05242557907 163.495593836 
-0.00625966395038 0.0938594535063 2.05242561973 163.495600946 
0.0619275461196 -0.424592775809 2.05242553768 163.495576583 
0.162255262663 -1.16137771372 2.05242551382 163.495564033 
9.48978117779e-05 0.0766625236529 2.05242563972 163.495597313 
0.00856832588622 0.199887490358 2.05242580946 163.495483412 
0.0759746752213 -0.00144811711512 2.05242574454 163.495513332 
-0.0147123786592 0.208482829193 2.05242571558 163.495587142 
0.0340944281895 0.02289206267 2.05242560976 163.495587781 
-0.020420562697 0.199015522537 2.0524257301 163.495571062 
0.0200458913037 0.213297841157 2.05242568786 163.495602137 
-0.00229422461901 0.319268704626 2.05242582836 163.495535879 
-0.0287576941157 0.302875384567 2.05242583411 163.49538633 
-0.00396001496148 0.113141725244 2.05242565593 163.495597013 
0.0567897496856 -0.0839057061131 2.0524255802 163.495590183 
-0.010466129623 0.0957415099992 2.05242561946 163.49560541 
0.068079062938 -0.31500666723 2.05242559001 163.495581925 
0.00804928736116 0.324603475798 2.05242585136 163.495516198 
-0.0153142406324 -0.126784472606 2.05242557523 163.495590512 
-0.00139195516844 0.245916917373 2.05242572047 163.495570572 
0.101129317552 -0.547917873339 2.0524255397 163.495574319 
0.00160313742781 0.0234942232174 2.05242581222 163.495438807 
-0.0086278841662 0.296613192446 2.05242578435 163.495564275 
-0.00453955990386 0.233893021333 2.05242572347 163.495540738 
0.0105447427138 0.0908503008581 2.05242565174 163.495560844 
-0.0205330628992 0.177216568118 2.05242570203 163.495585855 
-0.153248445072 -1.02210542552 2.05242559221 163.495575107 
1.19925544712 3.89672918881 2.05242550356 163.495551656 
-0.00429947231396 0.0936259107124 2.05242563047 163.495603612 
0.0800994319014 -0.708540871801 2.05242554917 163.495574334 
0.00727935019017 0.135216572903 2.05242563731 163.495606663 
0.0125684627337 -0.516388781391 2.05242560564 163.495576462 
-0.00321141898609 0.265373028568 2.05242576299 163.495573214 
0.00199159191918 0.0732007823867 2.05242564838 163.495592949 
-0.00806853743248 0.0983751260063 2.05242562002 163.495603921 
0.0541960702273 -0.0336179846266 2.05242559273 163.495589979 
0.00246610438781 0.343439629775 2.05242588716 163.495484921 
0.0667361833761 -0.472694752288 2.05242554308 163.495579418 
0.0440930716699 -0.00841105520937 2.05242568408 163.495562018 
0.0676049425621 -0.404450886728 2.05242556165 163.495579979 
0.281701420387 -2.190228787 2.05242550446 163.495556753 
0.0126861357101 0.186608259105 2.05242580997 163.495477217 
-0.300448310139 -1.73279736663 2.05242555883 163.495574514 
0.00841789485692 -0.0697250646092 2.05242559606 163.495592484 
0.0325746428055 -0.0278683785422 2.05242562862 163.495587951 
0.0884853773705 -0.0915355836708 2.05242558808 163.495585786 
0.0171185859061 0.231198742985 2.05242570693 163.495598945 
-2.44588946989 -2.722864908 2.05242582953 163.495393806 
0.000985319105805 0.210733913911 2.05242568467 163.495596678 
-0.0247858515425 -0.206819487906 2.05242555391 163.495586118 
0.0241514738856 0.200905778922 2.05242567906 163.495604399 
0.0790295574575 0.131322766484 2.0524257973 163.495285408 
0.016775541108 0.295850668188 2.05242578167 163.495532757 
-0.00342428617768 0.304597909503 2.05242579257 163.495553452 
0.0072121415559 0.319824260957 2.05242582567 163.495480315 
0.0256704766246 0.200460215977 2.05242568039 163.495604611 
0.0241392079024 0.173767279079 2.0524256637 163.495606501 
0.716738200355 21.4122376954 2.05242549307 163.495546591 
0.0130557100297 0.20358234747 2.05242567899 163.495601684 
0.0339241069625 -0.276098483151 2.05242556192 163.495583414 
0.031435369289 -0.154760306531 2.05242558609 163.495588187 
2.39147183488 7.43552460369 2.05242550296 163.49555678 
-0.000688361732167 0.282919724119 2.05242575999 163.495571666 
-0.0107627614687 0.172582140232 2.05242568783 163.495594204 
0.0556496422796 -0.188573227272 2.05242563056 163.49557722 
-0.00389774111058 0.294730497752 2.05242577737 163.495563566 
-0.000280001476268 0.279607642668 2.05242577986 163.495565033 
0.0523007939048 -0.104147949705 2.05242562095 163.495584491 
-0.00162194302987 -0.198909172219 2.05242556421 163.495586657 
-0.00855162991598 0.295011824576 2.05242578271 163.495565658 
-0.00592249590985 0.176714378899 2.05242566109 163.495599223 
-0.00642997221439 -0.225021753376 2.05242555679 163.4955852 
0.0363362876309 0.0731792072065 2.05242571135 163.495552654 
0.0154206035453 0.0552729943199 2.05242561706 163.495589315 
-0.0194060267829 0.0713398643987 2.05242561525 163.495604097 
0.00992224806054 0.245778782303 2.05242572186 163.495594447 
-0.00679556957602 0.103566423634 2.05242562591 163.495598001 
0.103779308748 -0.200388276236 2.05242559842 163.495571948 
0.00262198521206 0.12698967007 2.05242565114 163.495602236 
-0.00371373493744 0.27482253298 2.05242576344 163.495576608 
0.052729195528 -0.136449471849 2.05242560544 163.495586401 
0.00323989073876 0.189641217396 2.05242568888 163.495598854 
-0.0204832367421 0.208048599005 2.05242572865 163.495576165 
0.0167371274037 0.232493505303 2.0524257073 163.495598682 
0.000633523588887 0.348450430917 2.0524258946 163.495477758 
0.0196089166867 0.175435064777 2.05242566955 163.495604928 
-0.596895020598 -2.52769806424 2.05242554078 163.495574126 
0.107772993004 -0.25217958064 2.05242556528 163.495584071 
0.00588781149194 0.31253711262 2.05242580469 163.4955371 
0.0122884290702 0.0253119875086 2.05242563054 163.495593171 
0.0756908742969 -0.687955635973 2.05242555146 163.495574909 
0.0162800362128 0.147134097706 2.05242564763 163.495607123 
0.118417103623 -0.175401204463 2.05242558168 163.49558256 
0.00611534054923 -0.296900898193 2.05242554459 163.495581672 
-0.0390021493243 -0.0776823522789 2.0524255716 163.495593902 
3.1150121239 4.13033131847 2.05242570766 163.495523508 
0.0241619949198 -0.230069576439 2.0524256324 163.49554068 
0.0334831575983 -0.0442758873222 2.05242562001 163.495589208 
-0.0740010016764 -1.92809097308 2.05242553294 163.495566546 
-0.0331566861681 -0.109301739285 2.0524255737 163.495591737 
0.044301205643 -0.396348235107 2.05242560734 163.495577837 
0.0648538652715 -0.0750507869972 2.052425584 163.495589457 
-0.0237633702812 0.0233732653556 2.05242560583 163.49559995 
-0.00349196202649 0.223884242147 2.05242571816 163.495591284 
-0.0781448303021 -1.14401589669 2.05242556136 163.495574103 
0.00165591511164 0.0785442597926 2.05242561979 163.495594126 
0.0175242525574 0.229473167928 2.05242570603 163.49559926 
-0.000400172290487 0.315757804335 2.05242581101 163.495538549 
0.0121810226904 0.302845768078 2.05242582693 163.495529554 
-0.0126648935748 0.153915411001 2.05242571382 163.495569074 
-0.00547626493072 0.256959515601 2.05242575999 163.495571589 
0.0496562238888 -0.350421315024 2.05242555331 163.495580447 
0.0327631687423 -0.139618677639 2.05242559013 163.495588606 
0.0164562953881 0.228918889911 2.05242570162 163.495599071 
0.000361256194573 0.194230482898 2.05242567228 163.49559926 
0.00942050994453 -0.050656694008 2.05242558019 163.495594017 
0.00449883515582 0.125530852319 2.05242563338 163.495606833 
0.00506629915786 0.142360883472 2.05242564027 163.495605393 
0.0160922383039 -0.765017940087 2.0524255681 163.495576334 
0.0658911975377 0.0405615904864 2.05242572826 163.495533358 
-0.0451073267796 -0.0217411975813 2.0524255885 163.495597748 
-0.00613160076415 0.1056730028 2.05242562301 163.495604966 
0.0454980948846 0.00738990219816 2.05242564512 163.495548176 
0.00885301660842 0.0730477941479 2.05242563395 163.495576955 
-0.0160041265951 0.201378756425 2.05242574019 163.495562737 
-55.9180700944 -180.702525389 2.05242551049 163.495562092 
-0.00658106557894 0.0854903395629 2.05242561631 163.495601019 
0.00143320972707 0.19466744369 2.05242575912 163.495540818 
0.106737942909 -2.98139408894 2.0524255036 163.49555673 
-0.00283211824058 0.223810785184 2.05242569601 163.495591277 
0.000481776143791 0.247311277106 2.05242572813 163.495552878 
0.00514605274446 0.0306161813884 2.05242581163 163.495440379 
0.0914054587369 -0.270582552665 2.05242555993 163.49558419 
-0.0139237989523 0.210177037332 2.05242568707 163.495587657 
0.0108358996403 0.199631312841 2.05242569138 163.495600348 
0.0576425031326 -0.150511624719 2.05242562719 163.495580012 
0.0079938162122 0.1309501932 2.0524256456 163.495605219 
-0.01918588392 0.0492583668282 2.0524256131 163.49560167 
0.0190225293615 0.15591095991 2.0524256541 163.495606744 
0.042959229488 0.0800097898269 2.05242568466 163.495508146 
0.0354621575812 0.0800057069685 2.05242566976 163.49553168 
-0.0163290708873 0.214610516185 2.05242569374 163.495578896 
0.0156758412935 -0.32560601114 2.05242554192 163.495580485 
0.00942646909179 0.0532393483399 2.05242565586 163.495586102 
-0.0337288279524 -0.0376957902348 2.05242558902 163.49559621 
0.00553686813529 -0.0648977005975 2.0524255961 163.495592865 
-0.00514510359754 0.305155039897 2.05242580427 163.495553164 
-0.0163658337643 0.047338863268 2.05242560206 163.495600996 
-0.00528839816716 0.0669448523855 2.05242562668 163.495600482 
0.0623304923143 -0.668919594921 2.05242555773 163.495576004 
0.00708982563625 0.128290040775 2.05242564437 163.495605152 
-0.00967026962756 0.172578090896 2.05242565907 163.49559815 
0.00951299399363 0.1907534605 2.05242568607 163.495600775 
0.0438040503644 -0.0140941679974 2.05242559588 163.49559104 
0.058612759649 -0.611973385042 2.05242556391 163.495577208 
-0.00134731526479 0.270932073323 2.05242574725 163.495583019 
0.0117348852161 0.23671899329 2.05242570805 163.495596166 
0.0148939638292 0.299769413552 2.0524257903 163.49551755 
0.0117997722844 0.219986091427 2.052425705 163.495598396 
0.0225907721556 0.170192237117 2.05242565849 163.495606862 
0.0374745358584 -0.00133039284803 2.05242559834 163.495591634 
0.00277670339548 0.256661199118 2.05242572872 163.49557559 
0.0429261076075 -0.434213846608 2.05242553654 163.495578062 
0.135777514246 -0.30284326064 2.0524255742 163.495579996 
0.0100701160707 0.057883006564 2.05242566761 163.495580472 
-0.0124673447526 -0.229840400957 2.05242555349 163.495584869 
-0.0215229816756 0.182608462579 2.05242570736 163.495583701 
-0.00402132482575 0.306896787101 2.05242579656 163.495551368 
0.0216438993007 -0.139889828117 2.05242558506 163.495589095 
0.00312716901566 0.259226909623 2.05242573044 163.495584122 
0.00491442448033 0.0429475869267 2.05242562999 163.495595754 
-0.208171895588 -1.54879534648 2.05242554646 163.495575285 
0.0152947016814 0.0131375552498 2.05242562763 163.495592678 
-0.0099968409813 0.0747112355661 2.05242561155 163.495601788 
0.00131771194992 0.0737163150687 2.05242564288 163.495595487 
-0.00563568655231 0.283426104876 2.05242576353 163.495574912 
0.0436815969444 -0.323061971467 2.05242555648 163.49558153 
0.0579831754096 -0.0283213290216 2.05242561952 163.495570206 
0.000801016846625 0.18868133771 2.05242570863 163.495520947 
-0.052402861746 -0.0393604469886 2.0524255818 163.495596698 
-0.0264255801334 -0.504128795619 2.05242562768 163.495571307 
0.00031951572348 -0.251454204734 2.05242554889 163.495584404 
-0.00142014089716 0.144706772477 2.05242564187 163.49560305 
0.00896376824152 0.138961010875 2.05242563928 163.495606746 
-0.0901939585036 -1.3736097896 2.05242552387 163.495570082 
-0.00426002731323 0.102013585579 2.05242568337 163.495578702 
-0.00263705531498 0.109364117725 2.05242562735 163.495606406 
-0.0490640015521 -0.0078284757306 2.05242558886 163.495598969 
0.000471862998434 0.32054879404 2.05242581962 163.495531542 
0.00617423913774 -0.0131420896155 2.0524256104 163.495594772 
-0.000149018948546 0.206249508083 2.05242568124 163.495597104 
0.00382356950331 0.248011638546 2.05242571831 163.495588272 
0.140897445029 -0.682735573582 2.05242552382 163.495569461 
0.0638198444753 -0.0610844060683 2.05242562125 163.495564358 
0.0183608028149 0.0532798426761 2.05242562228 163.495583666 
0.00930728900576 0.240938149613 2.05242571182 163.495594287 
0.344228824044 -2.39286425343 2.05242550338 163.495555449 
0.0177986262455 -0.232021742877 2.05242556421 163.495585176 
-0.00283919275263 0.31565252086 2.0524258247 163.495463258 
0.0914089801473 -0.499856020314 2.05242553855 163.495574936 
-0.028946173802 0.0540899347147 2.05242560439 163.495603123 
-0.000495597804946 0.192678364121 2.05242569311 163.495597223 
0.0993912215889 -0.525093246731 2.05242557675 163.495574542 
-0.00190038278133 0.103365421345 2.05242564847 163.495598509 
-0.325964397066 -1.98042908493 2.05242552632 163.495570681 
0.00683427238207 0.279143570436 2.05242580806 163.495533895 
-0.0500685618231 -0.0118172221507 2.05242558687 163.495598699 
-0.0100272701345 0.0925989199524 2.05242561764 163.495603998 
0.0159782938124 0.160890929413 2.05242565121 163.495606507 
-0.115954403733 -0.428571531913 2.05242565687 163.495505028 
-0.274376652957 -0.910606116819 2.0524256477 163.495561458 
0.0338459941438 -0.0298009903975 2.05242562994 163.495587307 
0.0294678203567 -0.369665330186 2.05242553969 163.495579803 
-0.00788766187915 0.123311240706 2.05242563287 163.495600217 
-0.0156225887228 -0.00864043179388 2.05242558716 163.495597425 
-0.0102915522765 0.125536445882 2.05242566979 163.495592397 
0.112996842588 0.401313172096 2.05242604457 163.495224286 
0.00172749452605 0.0932866369872 2.05242564451 163.495571115 
0.0664310492731 -0.19785105135 2.05242561466 163.495559576 
-0.0173048562649 -0.321651787773 2.05242563425 163.495535291 
0.0167354723967 0.179911277808 2.05242567459 163.495603754 
-0.0363210154121 0.0197771454746 2.05242559357 163.495600577 
0.0390947648091 0.0165668167754 2.05242562399 163.495573465 
-0.0075372027077 0.105027287135 2.05242566951 163.495587957 
0.0631800696695 -0.419439639643 2.05242554002 163.495576977 
0.0627816169341 -0.158266107239 2.05242556818 163.495588013 
0.0443152651639 -0.338035867385 2.05242554613 163.495582024 
0.0833718405032 -0.330321520907 2.05242555371 163.495582799 
-0.144667959159 -1.40766693894 2.052425531 163.495572728 
-0.00191577503096 0.286484224388 2.05242578344 163.495564974 
0.00350128193524 0.123299879395 2.05242564689 163.49560324 
0.0500775632244 -0.117040833955 2.05242564595 163.495574661 
0.0677647597094 -0.454059935863 2.05242557095 163.49557964 
0.0253414486367 0.0434894412456 2.05242562928 163.495573933 
0.0595565692642 -0.4370071855 2.05242553482 163.495576125 
-0.019918121183 0.207580444521 2.05242572393 163.495580015 
0.0948176538235 -0.363485481325 2.05242559149 163.495570375 
0.0787792523644 -0.424522560808 2.05242559106 163.495569291 
0.0120938363154 0.188217125178 2.0524256678 163.495603265 
0.00230427543769 0.2552582721 2.05242572699 163.495577218 
-0.00801542283471 0.200255438046 2.05242567763 163.49559486 
-0.00445405145268 0.21612422475 2.05242568965 163.495592738 
0.00810473718036 0.316532850544 2.0524258367 163.495527777 
-0.0173015106694 0.189935945182 2.05242567229 163.49559158 
-0.00186815306223 0.333200413962 2.05242584891 163.495515941 
-0.00508317326368 0.178054095552 2.05242566184 163.495599391 
-0.00934811998887 0.373963433781 2.05242595624 163.495405623 
0.00236514750151 0.119450726011 2.05242563149 163.495606777 
-0.00741516129485 0.20857232295 2.05242568397 163.495593178 
0.0347813088213 -0.354099226996 2.05242554285 163.495581041 
0.0631907273425 -0.30678461844 2.05242557747 163.495582801 
0.0291635539414 -0.351170779789 2.05242554103 163.495579281 
-0.0112883393027 0.12300924253 2.0524256348 163.495597097 
0.066548387861 -0.0401663301811 2.05242559625 163.495586903 
0.0071271157069 0.171651807626 2.05242567497 163.495601503 
0.158146082063 -3.99408736581 2.0524255007 163.495554229 
-0.00533707627166 -0.262252843644 2.0524255483 163.495583248 
-0.0116738616147 -0.582729944145 2.05242560617 163.495575697 
0.10838354834 -0.547909823096 2.05242557021 163.495576454 
-0.00903630746071 0.213159511585 2.05242571388 163.495590274 
0.0961205579738 -0.120773010413 2.05242560132 163.49557512 
-0.0357213391202 -0.132849879711 2.05242556777 163.495590353 
-0.0127453136507 0.140489096589 2.05242567631 163.495592259 
0.0340420715025 -0.0767434892752 2.05242560771 163.495589751 
0.000674581209144 0.268554089403 2.0524257423 163.495582726 
-0.0259579844904 0.0583725307896 2.05242561005 163.495603396 
-0.0467820994826 -1.15595694642 2.05242552729 163.495571778 
-0.00901031313329 -0.224298539347 2.05242555138 163.495585607 
0.124796732057 -0.214999871107 2.05242557677 163.495582447 
0.0124495814554 0.303043456244 2.05242583574 163.495518731 
0.00339390376159 -0.0532736828894 2.05242559814 163.495593499 
0.031254419116 -0.823512223719 2.05242554379 163.495576817 
0.0399188220642 -0.38953628852 2.05242561174 163.495577068 
0.034057636075 0.153715689428 2.05242577585 163.495507737 
0.0847484686195 -0.0891218863823 2.05242558689 163.495586627 
0.012776557911 0.200386171264 2.05242567656 163.495602023 
-0.0126907093463 0.216572863913 2.05242570307 163.49556123 
0.0605608512096 -0.125582404138 2.05242570602 163.495538106 
2.17077272646 20.7707606682 2.05242550126 163.495550814 
0.00597264070094 0.266690105295 2.05242574012 163.495569928 
-0.010214352629 0.167764611897 2.05242568475 163.495594697 
0.0527463908847 0.0106492641591 2.05242570128 163.495551925 
-0.00122005222971 0.26060635505 2.05242578269 163.495550392 
0.108234439903 -0.391461505839 2.05242555611 163.495581391 
0.00248940495457 -0.00544188409945 2.05242558977 163.495596392 
-0.00114994057507 0.30834884868 2.05242581327 163.495546887 
0.00366493362603 0.11806051966 2.05242563688 163.495605726 
0.00520690424243 0.153089017316 2.05242564604 163.495604604 
0.0678323869999 -0.384789891459 2.05242557934 163.495580944 
0.0678090198708 -0.39956167335 2.05242556564 163.495580363 
0.0391517441698 -0.0547648609964 2.05242562271 163.495587508 
0.0109220262648 0.2399223746 2.05242571851 163.495595588 
0.0114525055407 0.135729149909 2.05242564257 163.49560685 
-0.0534097696498 -0.0638247846048 2.05242557543 163.49559501 
0.0487232699264 -0.185029843018 2.0524255891 163.495586423 
0.0170859281832 0.166070405203 2.05242565425 163.495606316 
-0.00735441620494 0.116623095569 2.05242562981 163.495600319 
-0.00944177042194 0.172959647911 2.05242565927 163.495598211 
0.0627656443657 -0.160305984966 2.05242556788 163.495587951 
0.0349005761568 -0.0111264303091 2.05242566459 163.495573494 
0.056316425961 -0.0258450536424 2.05242562117 163.495569005 
0.0418585984029 -0.178931203324 2.05242567962 163.495554053 
-0.00182017141041 0.239164020207 2.05242581075 163.495502284 
-0.00558222062241 0.182680870377 2.05242566492 163.495598693 
-0.0264969602789 0.278312750632 2.05242582132 163.495363861 
-0.0138805016745 -0.987379844888 2.05242554316 163.495576118 
-0.00639938246628 0.0992289319908 2.05242562827 163.495593057 
-0.0112496617003 0.212302253504 2.05242571516 163.495588981 
0.0610191129681 -0.236693321451 2.05242558857 163.4955844 
-0.0356920097653 0.00735891838312 2.05242559776 163.495599528 
0.00736035274462 0.299651442694 2.05242579471 163.495501373 
0.365015865249 -2.10430507826 2.05242550597 163.49555629 
-0.0173685103931 0.18848362775 2.05242567129 163.495591852 
0.0373625623292 -0.201411776008 2.0524255791 163.495586408 
-0.0169771370692 -0.206140834755 2.05242555744 163.495586143 
-0.00606594968439 0.20950375264 2.05242572664 163.495503382 
0.026243500109 -0.0904201161319 2.05242568703 163.495474805 
-0.00402738700264 0.291050436202 2.05242578596 163.495564399 
0.00750052721083 0.175639452013 2.05242570957 163.495508916 
0.0960067342499 -0.530483990101 2.05242553038 163.495573179 
-0.00821894311675 0.195781885418 2.05242570032 163.495593538 
-0.0103125762131 0.107893250082 2.05242564038 163.49558216 
0.0787070273083 -0.188309846336 2.05242556664 163.49558663 
0.00776479452858 0.233460686049 2.05242570412 163.495594815 
0.180022788862 -3.12454726111 2.05242550237 163.495555568 
0.0376133303624 0.0322397790563 2.05242564559 163.495552516 
-0.00432780741025 0.236380015472 2.05242571944 163.495554148 
-0.0136121762415 0.218953494536 2.05242570182 163.495567253 
0.0219812662865 0.214877294922 2.05242569022 163.495602356 
0.00329070100961 0.159189278449 2.05242573435 163.495552621 
0.00521328102888 0.304382297796 2.05242581489 163.495543958 
-0.263260295649 -1.29971401345 2.05242558359 163.495567343 
-0.0260290623716 0.174077730796 2.05242566832 163.495582171 
0.113276168272 -0.386742836474 2.05242555772 163.495581371 
-0.00798875020908 0.249438981282 2.05242576186 163.495565593 
-0.00393088596494 0.260254542782 2.05242576875 163.495564947 
0.00244902409164 0.252106209277 2.05242572927 163.495560287 
-0.00863854599846 0.0760548739569 2.05242562471 163.495602515 
-0.0198928420777 -0.0882114778553 2.05242558218 163.49559272 
-0.0313849239096 -0.184444669559 2.05242555607 163.495587401 
-0.00480839281844 0.217684391387 2.05242583357 163.495459035 
0.0945385807293 -0.830565589106 2.05242554179 163.495571918 
0.00591689826859 0.123395103956 2.05242563917 163.495605935 
-0.656162160672 -2.73217095763 2.05242553185 163.495572233 
0.000754274904846 0.238080260411 2.05242572639 163.495590711 
0.0295510575745 -0.228347709716 2.05242556994 163.495585441 
0.0385925146156 -0.215555285333 2.05242557685 163.495585891 
0.0487418565451 0.0464461988415 2.05242569532 163.495481138 
-0.0176415522275 0.12836018529 2.05242564206 163.495590187 
0.0139687166241 0.279763409197 2.05242576112 163.495541962 
-0.0197412936303 0.185217138381 2.05242572455 163.495570519 
0.0541940561009 -0.147435854627 2.05242556851 163.49558863 
-0.0235950179396 0.0689141360831 2.05242561014 163.495604215 
0.0158290484121 -0.0255340991528 2.0524255866 163.495594625 
-0.0130002605531 0.0556615175608 2.05242561802 163.49560134 
0.0125634411934 0.22324878629 2.05242570675 163.495598261 
-0.0449449817613 -0.0298914653897 2.05242582587 163.495415689 
0.304328797469 -15.1050648475 2.05242549766 163.495549457 
-0.0336500557323 0.0415103226523 2.05242560389 163.495602363 
-0.00843656500611 0.298456371841 2.05242578616 163.495562486 
0.00575855794245 0.0714633255006 2.0524256193 163.495592129 
0.0339526233585 -0.378116937548 2.05242554013 163.495579901 
0.0515934956387 -0.0269734198132 2.0524256508 163.495535514 
-0.0257084149709 0.161188109311 2.05242566083 163.495584027 
0.0410903862781 -0.0376986580101 2.05242558794 163.495592087 
-0.0666554065349 -0.891507664368 2.0524255825 163.495576054 
-0.0397751501676 -1.08515795556 2.05242554824 163.495576189 
0.0130190607472 0.296078458885 2.05242578637 163.495516136 
0.0230061614319 -0.141304210575 2.05242566493 163.495504767 
0.0104386640237 -0.0352376846789 2.05242558365 163.495594623 
0.0113739534727 -0.911843026066 2.05242552926 163.495573029 
-0.00059617356566 0.245313351499 2.05242572508 163.495556713 
0.0438979217914 0.0134441336635 2.05242569222 163.495558818 
-0.00807720682634 0.126400832985 2.05242563429 163.4956002 
-0.0239979026429 -0.00393410308376 2.05242559976 163.495597988 
0.107566545262 -0.547829799724 2.05242553397 163.495573224 
-0.0169741396245 0.0393614192818 2.05242559966 163.495600509 
0.0288873634495 -0.0780220143133 2.05242560384 163.495590465 
0.118169420762 -0.633251635854 2.05242552518 163.495570763 
-0.00605844068474 0.167516677966 2.05242565542 163.495599986 
0.00517136741214 0.124980050335 2.05242563409 163.495606944 
-0.0126818840483 0.127166753215 2.05242567542 163.495589444 
0.0717740619128 -0.0531680108068 2.05242559347 163.495586945 
0.0443226965552 -0.309606759163 2.05242556029 163.495582232 
-0.012635584756 0.29139884105 2.05242586985 163.49545856 
0.0606267238836 -0.388924303507 2.05242554554 163.495581009 
-0.0030740303569 0.245958438681 2.05242573733 163.495585745 
-0.0192193779997 0.213503697403 2.05242572963 163.495577692 
-0.2210019366 -1.5204614213 2.05242556215 163.49557345 
-0.0108735619917 0.197592733881 2.05242569745 163.495550826 
0.0661579197246 -0.040428180592 2.05242561284 163.495574502 
-9.42768421007e-05 0.152236106747 2.05242572628 163.495557861 
0.021894961193 -0.348340745546 2.05242554002 163.495579862 
-0.00259589013237 0.281393651252 2.05242575867 163.495574601 
-0.0152314834914 0.330036954505 2.05242592052 163.495420721 
-0.0433622647422 -0.00261279281691 2.0524255928 163.495599135 
-0.0256016847429 -0.0750119877857 2.05242557259 163.495593834 
0.00314112342039 0.290540634759 2.05242577016 163.495562072 
-0.00406108487791 0.109713421873 2.05242565562 163.495596438 
-0.00697505320044 0.225251514586 2.05242571493 163.495547354 
0.00326155893849 0.13694511664 2.05242563748 163.495605281 
0.021553773497 -0.233433445392 2.05242573129 163.495513117 
0.0459413848229 -0.0686755118537 2.05242563697 163.495581466 
-0.0529101676649 -0.0745983552855 2.05242557334 163.495594268 
-0.0146710537032 -0.182776753037 2.05242555633 163.495587752 
-0.00751279040996 0.216910611194 2.05242571186 163.495543035 
-0.0335550848429 0.0463982975414 2.05242560318 163.495602811 
0.102188096688 -0.170358357225 2.05242559964 163.495572814 
0.0183568271552 0.215094881867 2.0524256974 163.495601006 
0.052401699946 -0.324670803822 2.05242556271 163.495581957 
0.00782698524375 0.246488065226 2.05242572525 163.495593358 
0.000124983357916 0.162159495769 2.05242567378 163.495599581 
-0.0531041158872 -1.11359077991 2.0524255584 163.495575594 
-0.0122710488923 0.210666475998 2.0524257019 163.495556235 
0.0190303456133 0.204061113329 2.05242567999 163.495603047 
-0.0060287556001 0.0978175655393 2.05242562922 163.495591329 
-0.108095717271 -0.797473524258 2.05242560892 163.495573755 
0.0566071102379 -0.0398110151715 2.05242559151 163.495589827 
0.0102029939034 0.013512607725 2.05242562239 163.495594441 
-0.0359241793024 -0.051107795766 2.05242557677 163.49559554 
0.00915566567548 0.325500740227 2.05242585643 163.495510976 
0.0184194339395 0.228257051464 2.05242570399 163.495599703 
-0.0185297325578 0.13688685859 2.05242564431 163.495592226 
0.0548425277925 -0.0513141334466 2.05242563425 163.495552136 
0.00287137333399 0.261249433836 2.05242573597 163.495588181 
0.00460940524608 -0.036073223943 2.0524255828 163.495594913 
0.0390336486468 -0.0329333666027 2.05242565845 163.49557469 
0.0223597844697 -0.000390592027796 2.05242562961 163.495590425 
0.00206716043572 0.251735727246 2.05242573474 163.495544833 
0.0358095420437 -0.218578684926 2.05242562762 163.495546241 
0.000571393145031 0.24778460924 2.05242573064 163.495547435 
-0.0193182185907 0.201054894234 2.05242569012 163.495568776 
-0.00434028750464 0.0683149136705 2.05242562808 163.495600242 
0.046159203077 -0.0562390797641 2.05242567037 163.495566292 
-0.00819150503851 0.104504642135 2.05242562962 163.495593853 
-0.01690096988 -0.0844528034998 2.05242558391 163.49559285 
0.0312757459316 -0.0745988084982 2.05242557799 163.495592014 
0.00986628742878 0.149750791398 2.05242565879 163.495603905 
0.0534652096318 -0.437489427432 2.05242553418 163.495576361 
-0.0351262040929 0.0411704780505 2.05242560084 163.495602404 
0.0559158634637 -0.227749525352 2.05242555838 163.495585867 
0.0522102914803 -0.175422118493 2.05242556425 163.495587727 
0.0572216142163 -0.140169990233 2.05242562596 163.495552537 
-0.000539990879823 0.255685249202 2.05242580546 163.495519888 
0.00228589914216 -0.0563459549285 2.05242557829 163.495594059 
-0.0020166557295 0.331098818351 2.05242584258 163.495518891 
-0.00606908243358 0.136741840646 2.05242563854 163.495601408 
-0.0236995871788 0.163368588691 2.0524256677 163.495574497 
0.0726826376503 0.00784052746262 2.05242575389 163.495504948 
-0.0367390515465 -0.0887513932784 2.05242557707 163.495593041 
0.00655727451705 0.317119825643 2.05242583538 163.495529452 
0.00845913193491 0.287941391258 2.05242582463 163.495520105 
0.0266404423723 -0.353137093272 2.05242554105 163.495580479 
0.0136650752981 0.21787758324 2.05242570236 163.495599259 
0.0105567493467 0.245404503959 2.0524257203 163.495594748 
0.0194987830397 -0.25589261415 2.0524255597 163.49558403 
-0.000748454484359 0.106975852901 2.05242564545 163.495600542 
0.0576987646574 -0.136074817433 2.05242562136 163.49558253 
-0.0085666377806 0.131609172987 2.05242563682 163.495600023 
0.0532663811163 0.0469635590172 2.05242577978 163.495481447 
-0.170175441093 -1.61014691394 2.0524255239 163.495569907 
0.0126413917729 0.0642931627462 2.05242562827 163.495580579 
0.0142644592399 -0.00428364275461 2.05242561868 163.495593517 
-0.00518868650062 0.188011424845 2.05242569789 163.495541067 
0.0235793109019 0.189719208746 2.05242567671 163.495604811 
-0.0074764549776 0.228909903443 2.05242571329 163.495556382 
-0.347197643467 -3.35605108407 2.05242550909 163.495561195 
0.00190816111138 0.0498038927577 2.05242560592 163.495597913 
0.0115476021477 0.29985467692 2.0524257927 163.495509172 
0.0626946921844 -0.529824055479 2.05242553066 163.49557485 
0.00358363846091 0.317286040457 2.05242582368 163.495474742 
0.00213302645801 0.209679155334 2.05242577377 163.495531458 
-0.00406821766429 0.100355969765 2.05242564335 163.495575283 
-0.0160913585231 0.174603365837 2.05242568062 163.495561314 
-0.00856022788365 0.250866741062 2.05242588474 163.49540056 
0.05882530414 -0.408515881296 2.05242554045 163.495577326 
-0.00327606782018 0.0716737387714 2.0524256303 163.495600027 
-0.0183434343686 0.0594149364226 2.05242561516 163.49560257 
-0.443800405633 -2.21960624579 2.05242553018 163.495571906 
-0.000586492473499 0.301470801844 2.05242578695 163.495554807 
0.278020276172 -1.93675642708 2.05242551237 163.495558903 
0.0032020345555 0.238761539844 2.05242570909 163.495590575 
0.0185544048016 0.17223907703 2.05242566802 163.495604894 
1.94586120921 3.2898457067 2.0524255319 163.4955715 
0.100800962532 -0.516472332501 2.05242555259 163.495579581 
0.0487887160489 -0.426026519422 2.05242559861 163.495578748 
-0.00610394504203 0.254445751572 2.0524257557 163.495574239 
-0.00501310533397 0.0895053152592 2.05242561896 163.49559965 
0.00996414801891 0.201805298678 2.05242567754 163.495601101 
-0.0208521525295 0.170120057753 2.05242567432 163.495568608 
0.00324805697547 0.281208598812 2.05242577206 163.49551228 
0.03491702652 0.109946110759 2.05242569268 163.495504863 
0.0362748889547 -0.904201265858 2.05242552508 163.495571272 
0.0679954902702 -0.037418635283 2.05242559967 163.495585022 
0.0728305308182 -1.49445950486 2.05242551286 163.495563715 
-0.00697524630051 0.246072830131 2.05242574385 163.495580538 
0.0585273285216 0.0662813141989 2.05242573106 163.495534559 
-0.0335791225185 -0.176017835451 2.05242555707 163.495587886 
0.00943621303905 0.243206689027 2.05242572178 163.495594534 
0.281653997158 -1.45272112841 2.05242550937 163.495559812 
-0.0264917987372 -0.0430988507466 2.0524255788 163.495595789 
-0.00786739639006 0.296694389753 2.05242578797 163.495563281 
0.0661417959335 0.00691714019877 2.05242576309 163.495495251 
0.0677985036388 -0.292465506008 2.05242559066 163.495582459 
0.00719364727414 0.281630657293 2.05242580288 163.495541951 
0.0552308203145 -0.10586112203 2.05242568839 163.495551801 
0.0471579213651 -0.00637556109693 2.05242563491 163.495557785 
-0.0421013644064 0.0101071398785 2.05242559124 163.495600108 
0.0102750487871 -0.695894846529 2.05242558404 163.495569614 
-0.00602928575169 0.10669249274 2.05242562386 163.495603092 
-0.00462842294395 0.12622565302 2.05242566121 163.495562239 
0.276991642601 -1.31259434278 2.05242551403 163.495561271 
0.0369383253636 -0.111463066351 2.05242557195 163.49559045 
-0.772321326216 -4.02140990941 2.0524255135 163.495564062 
0.0364019618717 -0.0172802136656 2.05242566392 163.49557325 
0.171902552869 -1.21819817647 2.05242552495 163.495565291 
0.00397684555884 0.33626729143 2.05242586798 163.495503084 
-0.00108967046932 0.275700368988 2.05242575108 163.495578209 
-0.64694523578 -8.52299439681 2.05242550043 163.495554464 
0.0183076222837 -0.295194667102 2.05242554986 163.495581877 
0.0871655695207 -0.11341281734 2.05242558124 163.495587058 
0.0110927320803 0.270961450295 2.05242574941 163.49555135 
0.0681491004572 0.0581262783459 2.05242575804 163.495506895 
-0.00125865888753 -0.0103324422851 2.05242560746 163.495595756 
-0.0440346218954 0.0150759634662 2.0524255946 163.495600623 
0.0946349339173 -0.149525468673 2.05242557603 163.495586369 
0.103360250934 -6.85834158765 2.05242549791 163.49555184 
0.0124154055758 0.204537634332 2.05242569388 163.495600331 
0.023759783552 -0.127716687087 2.05242558867 163.495589459 
-0.0489029255866 -0.0788082439086 2.05242557161 163.495593955 
0.0690576894539 -0.416829889728 2.05242556344 163.495579875 
0.114373488841 -0.568924589102 2.05242553063 163.495572281 
0.038944155404 -0.00943448062899 2.05242559587 163.495591838 
0.0337503130982 -0.098062960559 2.05242557388 163.495591063 
0.0498823809652 -0.286907225643 2.0524255691 163.495583347 
0.21604824887 -0.939252362174 2.05242551899 163.495565086 
0.0336167770075 0.0948852802692 2.05242567653 163.495526119 
-0.0295230232269 0.254157460103 2.05242577717 163.495441559 
-0.0154740971025 0.169528575632 2.05242569077 163.495591308 
1.2840194561 16.9334092193 2.05242549734 163.495548609 
-0.000828582029065 0.104163612791 2.05242564387 163.495600653 
-0.0674374040562 -0.758261409671 2.05242559298 163.49556428 
-0.0125403979203 0.0347106352244 2.05242561372 163.49559959 
-0.000136921373378 0.108641956233 2.0524256335 163.495605175 
-0.00129171082664 0.283731588986 2.05242577769 163.495502711 
0.0186680720734 0.0749715423514 2.05242564938 163.495558747 
-0.000946355762426 0.0851076306932 2.05242562204 163.495594224 
-0.0146885644631 -0.235107583003 2.05242555121 163.4955846 
0.119998625261 -0.424646972339 2.0524255592 163.495580508 
-0.0181178103637 0.169252141656 2.05242569404 163.495588982 
0.057948298624 -0.408901627758 2.05242554374 163.495580395 
0.268220193975 -1.31097312431 2.05242551514 163.495561616 
0.0145284431444 0.144710109997 2.05242564923 163.495606443 
-0.0444813772082 -0.131581194573 2.05242556336 163.49559054 
-0.0108981262876 0.0813621732334 2.05242562272 163.495603864 
0.0764587082979 -0.393807887287 2.05242554859 163.495581274 
0.0156772784377 0.0244452589731 2.05242560074 163.495595279 
-0.121976036851 -0.149807166416 2.05242582491 163.495410351 
-0.00241650653035 0.240453712241 2.0524257244 163.495549283 
0.000365922326328 0.202989521389 2.05242567871 163.495597888 
0.00603925465983 0.27829862331 2.05242576669 163.495520006 
5.28160754454e-05 0.312496446753 2.05242582064 163.495541635 
0.0672398415058 -0.0935539173957 2.05242558032 163.495589197 
-0.168142564774 -1.32627195149 2.05242556779 163.495573246 
0.0160001375068 0.190070098209 2.05242568195 163.495602712 
0.0374636356816 -0.359027338374 2.05242554243 163.495579036 
0.0665869283635 -1.00810289813 2.05242551998 163.495568401 
0.006735028083 0.241623472858 2.05242571201 163.495592517 
0.00307716094777 0.0658984578271 2.05242561285 163.495596664 
0.12401357247 -0.998914104445 2.05242551722 163.495566501 
-0.985383151008 -1.63975732962 2.05242566484 163.495487501 
0.208117086611 -1.31974589002 2.05242552076 163.495563503 
-0.00109043280046 0.177244826336 2.05242569503 163.495537609 
-0.00365213231803 0.201961351067 2.05242575787 163.495545266 
-0.031519743851 0.260744515709 2.05242578353 163.495436012 
0.0479395963736 -0.0990415727636 2.05242575629 163.495494392 
0.116885543448 -0.422675530668 2.05242557966 163.495575005 
0.0714627681798 -0.579955530016 2.05242555844 163.495576977 
0.0106465369126 -0.176404219319 2.05242557317 163.495587766 
0.0792826379081 -0.216954959635 2.05242556322 163.495585844 
0.033135199131 -0.148053784259 2.0524255884 163.495588327 
-0.00767014918158 0.300256138307 2.0524258705 163.495466546 
0.0189827041924 0.222531915305 2.05242569617 163.495600665 
0.00731138602615 0.277726629338 2.05242575316 163.495565748 
0.0424340397422 0.0730227261023 2.05242567691 163.495518561 
0.0199523427777 0.163407437022 2.05242573469 163.495449637 
-0.0233963537205 0.16559608664 2.05242566934 163.495573474 
-0.319087999827 -0.880029344289 2.05242562765 163.495535142 
0.0825003203752 -0.474609190633 2.05242554336 163.495576251 
-0.00843000381182 0.0652832433577 2.05242562331 163.495601272 
-0.0497473385336 -0.0271759840462 2.0524255823 163.495597539 
0.0871527805952 -0.105834586145 2.0524255831 163.495586895 
0.0738312085877 -0.442727956916 2.05242554411 163.495577017 
0.00993415015323 0.246471378688 2.05242571937 163.495594162 
0.0054744836145 0.265640045503 2.05242573877 163.495571117 
-0.0328408629175 -0.0172608647759 2.05242558417 163.495597681 
-0.034037937441 -0.00380286646989 2.05242559615 163.495598584 
0.0114817062857 0.285347511563 2.05242576395 163.495555622 
-0.0187489962159 0.13041464253 2.05242564384 163.495588919 
0.0403770067912 0.0111623499805 2.05242560677 163.49558779 
0.0104675067164 0.24545689092 2.05242571846 163.495594563 
-0.0163713780447 0.190542484873 2.05242567243 163.495592117 
-0.00073871695199 0.127245034105 2.05242565595 163.495600105 
0.0464976650123 -0.183888815949 2.0524256466 163.495571223 
0.00617451551096 -0.25612008747 2.05242555427 163.495583709 
-0.0504427593958 -0.020364241644 2.05242558627 163.495598047 
0.0144106135806 -0.715142933421 2.05242557445 163.495576975 
-0.0184391983029 -0.0285663457676 2.05242558239 163.495596384 
-0.0242088301238 0.153761374265 2.05242566065 163.495578874 
0.00878985838616 0.116616946579 2.05242566557 163.495551392 
0.00846095819275 0.265675190202 2.05242574672 163.495544288 
0.0418288054041 -0.377225923128 2.05242554001 163.495578263 
0.0142383935172 0.166167569455 2.05242566679 163.495604104 
0.06737986229 -0.0361649455247 2.0524255999 163.495585032 
-0.0411439024998 0.000169331496604 2.05242559423 163.495599249 
-0.0113796074355 0.201202709313 2.05242570666 163.495591027 
0.049371247044 -0.201673445083 2.05242558594 163.495585979 
0.0426873687961 -0.120684303481 2.05242564608 163.495531451 
-0.00269924157733 0.304952178965 2.05242580674 163.495551428 
0.171116158607 -2.19880694117 2.05242551621 163.495560123 
-0.00212424034405 0.243751771339 2.05242573411 163.495587289 
0.00731218481432 0.288991639941 2.05242580277 163.495547319 
0.0118649593132 -0.0117893798714 2.05242558943 163.495595388 
0.035663015024 -0.369939728183 2.05242561836 163.495575863 
0.0092132634551 0.220084365028 2.05242570668 163.495597487 
-0.011473048847 -0.0424880971093 2.05242559522 163.495594925 
0.0632645398596 -0.476181459422 2.05242553203 163.495575278 
0.090697734627 -0.115015256225 2.0524255821 163.495586561 
-0.074301621688 -0.902653000612 2.05242558331 163.495568714 
0.00300478049165 0.15379468501 2.05242566683 163.495601072 
-0.0131623686425 -0.174201815458 2.05242556577 163.495587933 
0.0590377702968 0.0759936171186 2.05242573781 163.495529871 
0.00392480087461 0.0377534777115 2.05242560231 163.49559747 
-0.0018517730258 0.0576064571916 2.05242560766 163.495598874 
-0.0403203430152 -0.00327767183177 2.05242559392 163.49559894 
0.0569242869918 -0.440788280515 2.05242554169 163.495579546 
0.0293482452715 -0.0388902238055 2.05242561785 163.495590308 
-0.00122878969411 0.16115333968 2.05242565106 163.495602104 
-0.00970834745485 -0.173329008282 2.05242555797 163.495588278 
-0.0366870286644 -0.0747238425981 2.05242557219 163.495594052 
0.00560645271124 0.202648537439 2.05242569639 163.495598357 
-0.018624124863 0.183254182703 2.05242572542 163.495569021 
0.0808090185798 -0.171430058498 2.05242556935 163.495586964 
0.165348461868 -0.793580215673 2.05242552022 163.495567398 
0.0202263141267 0.20748638437 2.05242569114 163.495602295 
0.100403233561 -0.366594919391 2.05242555518 163.495581944 
0.0389948535447 0.0179862471249 2.05242563508 163.495561993 
0.00552032145049 -0.901655862488 2.05242553273 163.495574239 
0.0063040844429 0.309911920195 2.05242582395 163.495537627 
-0.0127824244297 0.167877930891 2.05242572349 163.495565283 
0.0377647693145 -0.0394569666399 2.05242563203 163.495585684 
0.0619383219217 -0.651925602367 2.05242552861 163.495573555 
-2.15888354701 -3.43688723144 2.0524257353 163.495501052 
-0.0037976783791 0.135131345969 2.05242563722 163.49560256 
-0.000388493004103 0.0709113659762 2.05242563504 163.495598184 
-0.0300871147453 -1.05685402889 2.05242554876 163.495576281 
0.0546271558171 -0.598870806156 2.05242553213 163.495575311 
-0.00415480698009 0.277004816187 2.05242576532 163.495575839 
-0.00127149400923 0.0862186765569 2.05242565373 163.495592715 
0.10586005434 -0.129166931908 2.05242558679 163.495583242 
-0.00910038846377 0.246737795549 2.0524257527 163.495572967 
-0.0318970115108 -0.136647085513 2.05242556814 163.495590104 
0.0884857830087 -0.585010636784 2.05242554856 163.495575471 
0.0857078554217 -0.306457280632 2.05242555587 163.495583377 
0.0408713238374 -0.233769187744 2.05242557437 163.495585218 
-0.014892241802 0.20209839534 2.05242568067 163.495590047 
-0.0151786772467 0.315825587312 2.0524258346 163.495429422 
-0.00602187564037 0.241863384277 2.05242573652 163.495522724 
-0.00151234061181 0.0906527341956 2.05242563915 163.495600017 
-0.0108163363586 0.149720631637 2.05242564633 163.495598871 
0.0110399277816 0.302539530455 2.05242584095 163.495511444 
-0.0099269251397 0.180013928474 2.05242573504 163.49555909 
-0.00157856826997 0.284776014055 2.05242576269 163.495570847 
0.252407662432 -1.25080282663 2.05242551685 163.495562433 
0.0161399412796 0.295460608661 2.05242577983 163.495538628 
0.0485835743989 -0.0916525129659 2.05242564511 163.495576546 
0.00928039930491 0.294240628149 2.05242581091 163.495541872 
0.00627108757596 0.29011730581 2.05242576959 163.495559443 
0.0122358110893 -0.365456426142 2.05242563581 163.495570572 
-0.00198250413213 0.267806832186 2.05242577109 163.495566988 
0.0837223493312 -0.388588638239 2.05242555039 163.495581483 
0.0217377225845 0.0480791886574 2.05242562323 163.495581345 
0.138197835983 -1.04822761206 2.05242551599 163.495565621 
0.00381518462784 0.256776214859 2.05242573485 163.495589823 
0.129286203521 -0.283816372224 2.05242556969 163.495581955 
-0.00323223324632 0.275004758918 2.05242576655 163.4955744 
-0.0036383568815 0.210967426443 2.05242568531 163.495594565 
-0.0284564220656 0.0584826178096 2.05242560703 163.495603604 
0.00122191875938 0.0171162021676 2.05242559559 163.49559738 
0.00920832835972 0.147444805822 2.05242564318 163.495606101 
0.0598005174164 -0.220359435475 2.05242561536 163.495557841 
-0.023649747625 0.0188970664636 2.05242560493 163.495599595 
0.0312413573265 0.0326814984196 2.05242568565 163.495565675 
0.0653446750813 -0.221254931101 2.05242560063 163.495583452 
-0.0119179793479 0.144100928628 2.05242567614 163.495593312 
-0.0068657986717 0.104690672866 2.05242566547 163.49559019 
0.0706739923343 -0.131424357431 2.05242561732 163.495561433 
-0.00446847508156 -0.0343422305763 2.05242558227 163.495595449 
-0.017098848903 0.256225301898 2.0524257588 163.495492299 
0.0603885654045 -0.19460253871 2.05242561787 163.495556891 
0.0226595927813 0.170624754492 2.05242576857 163.4955214 
-0.00971249138248 0.0399180033495 2.05242561661 163.49559953 
-0.00955000597324 0.0917375889834 2.05242562326 163.495605182 
-0.0178050004747 0.0401883546144 2.05242559983 163.495600657 
0.00430040217178 0.151058519544 2.0524256642 163.495601708 
-0.155935666685 -0.161083541519 2.05242584221 163.495385887 
0.0451969923123 -0.431146765822 2.05242553483 163.495577124 
0.0353691868077 -0.305036211894 2.0524255559 163.495582037 
0.00335006615038 0.166223630542 2.05242583651 163.495433605 
0.00806085620554 0.326167088984 2.05242583537 163.495477932 
0.0301551571888 -0.373327575904 2.05242553821 163.495578822 
0.0732812179824 -0.567727100343 2.05242555784 163.495577046 
-0.0326026378013 0.0207140272153 2.05242559375 163.49560042 
0.0153824908085 0.31232946754 2.05242580646 163.495518857 
0.04092419887 -0.110632708081 2.05242557261 163.495590336 
-0.0116304051454 -0.23374441983 2.05242555286 163.495584664 
-0.00717319937214 -0.0647848046714 2.05242559147 163.495593545 
0.0654320790591 -0.0478642591545 2.05242559222 163.49558835 
0.0183318475272 0.219450091399 2.05242570016 163.495600551 
0.0106270408699 0.00806427169955 2.05242562055 163.495594358 
-0.00315374933182 0.198494000586 2.05242567568 163.495597329 
-0.0334558454169 -0.0189216622699 2.05242558377 163.495597593 
0.0257576423871 -0.127178268181 2.05242558967 163.49558938 
-0.00619548145533 0.209882480232 2.05242571154 163.495535514 
-0.0123922647654 0.161657602634 2.05242571967 163.495566557 
-0.00313329573297 0.0867679492191 2.05242563334 163.495601494 
0.0626265415269 -0.0297293495583 2.05242559916 163.495586449 
0.00884915409779 0.27039805998 2.05242574565 163.49556274 
-0.0259665603394 0.167309057871 2.05242566388 163.495583923 
0.0552283251035 -0.0119988010463 2.05242561231 163.495579117 
0.0605702859902 -0.289696160845 2.05242557759 163.495583285 
0.0872463763992 -0.210170423598 2.05242560492 163.49556685 
0.0190200531001 0.155065977697 2.05242565065 163.495607249 
0.04251279424 -0.0658692812789 2.05242562211 163.495586809 
0.0137386342402 0.142485984585 2.05242564329 163.495607272 
0.123049732811 -0.311586491276 2.05242558523 163.495575155 
-0.00723702451928 0.286951609665 2.05242577293 163.495571882 
-0.0129874476275 -0.097267731997 2.0524255823 163.495592052 
0.0437449513609 -0.40074460678 2.05242553668 163.495577482 
0.10344710206 -0.537459663641 2.05242553581 163.495573747 
-0.0107965747306 0.135146655667 2.05242567209 163.495593407 
-0.0168152934361 0.196598032553 2.05242570872 163.495587787 
-0.002850332192 0.149063144584 2.05242564442 163.495602285 
-0.877719922786 -5.22089370856 2.05242550882 163.495561018 
0.0632402799413 -0.0379713934614 2.05242561585 163.495572206 
-0.013661738338 0.264994667378 2.05242576393 163.495495911 
0.0102837076999 0.272620509192 2.05242574887 163.49555917 
0.00443996564426 0.272552445256 2.05242580589 163.49553156 
-0.0148023533769 0.330712775939 2.05242591798 163.495425965 
-0.00633797491569 -0.103877955981 2.05242558294 163.495591537 
0.897263681994 1.65923684082 2.05242548488 163.495540019 
-0.159999585813 -0.806510853139 2.05242560434 163.495556274 
-0.0131882642336 0.0365806935775 2.05242561381 163.495599813 
0.077396006604 -0.0544643899446 2.0524256002 163.49558246 
-0.00699852813447 0.122952434587 2.05242565734 163.495566266 
-0.00780399472568 0.166641162995 2.05242568215 163.495595976 
-0.00524404922108 0.362908701466 2.05242592554 163.495443087 
-0.00469227870962 0.0881703534589 2.0524256186 163.495599434 
0.0410207154977 -0.0461506443002 2.05242564571 163.495579623 
0.00324441816331 0.155885741972 2.05242568472 163.495541158 
-0.000170342548302 0.0816317061521 2.05242565325 163.495592112 
0.0118986518802 0.0412160884849 2.05242564406 163.495589917 
0.0224032834558 0.126313493164 2.05242572969 163.495547734 
-0.236993287395 -1.62416543226 2.05242554479 163.495575097 
0.123296514125 -0.436198761618 2.05242556072 163.495580114 
-0.0243777627783 0.174059744117 2.05242566532 163.495587469 
0.0212927933427 0.163582803644 2.05242565486 163.495607106 
0.00495423726129 0.223154252529 2.05242571163 163.495595433 
0.0258733537085 0.196540601027 2.05242567864 163.495604927 
-0.00261556874138 0.0932294263743 2.05242563439 163.495602252 
-0.475957516347 -1.33630604335 2.05242560672 163.495552608 
-0.021930494311 0.174492576308 2.05242571067 163.495578272 
6.92915008737 9.14712049236 2.05242574705 163.49548961 
0.00327743786735 0.117236041489 2.05242566178 163.495557238 
0.103540191093 0.342853401215 2.05242600091 163.495288015 
0.0063904686989 -0.0316227123704 2.05242560516 163.495594116 
-0.0295544820205 -0.00100175303383 2.05242559837 163.495598537 
-0.0447824416957 -0.0238832385155 2.05242558262 163.495597635 
-0.0210837118327 -1.4862550737 2.05242553836 163.495568761 
-0.00743262541503 0.0950977433952 2.05242562528 163.495605215 
0.0344232925304 0.0260405135577 2.05242561724 163.495581894 
-0.0252486496238 0.0651783846668 2.05242560998 163.49560404 
-0.309730685068 -1.00690971072 2.05242563992 163.495564258 
-0.0343542332431 -0.172839168741 2.05242555746 163.495588072 
-0.0308756171884 -0.0941497980176 2.05242557765 163.495592608 
-0.0213964220832 0.168591448002 2.05242570782 163.495578537 
0.0767488012737 -0.47260027014 2.05242553368 163.495574918 
0.00532721577185 0.286784936956 2.05242583182 163.495509592 
0.00271983339156 0.266379703271 2.05242573865 163.495579499 
0.0226479280528 0.168257368415 2.05242566096 163.495606567 
-0.000523864929103 0.0822749776798 2.05242564121 163.49559768 
0.00719675011017 0.0724554368652 2.05242562637 163.495585114 
0.108743827947 -0.216782345404 2.0524255696 163.495584584 
0.287559016303 -1.33969202047 2.05242551175 163.495560582 
-0.0291520030698 -0.0540209143799 2.05242558688 163.495595003 
0.00973345268436 0.135632403604 2.05242564752 163.495605423 
-0.00921668049552 0.130534293009 2.05242566864 163.495594254 
0.0169107928708 -0.176878036543 2.05242557537 163.495587686 
0.00860310962748 0.0517567242988 2.05242564667 163.49559029 
0.00169906746944 0.282997284156 2.05242578672 163.495560308 
0.0470356512314 -0.0866696095933 2.05242565484 163.495572403 
-0.861777888104 -2.02848782924 2.05242562931 163.495566552 
0.0392141697755 -0.238772141191 2.05242557249 163.495585041 
0.00358047820527 0.239348411703 2.05242570964 163.495590702 
-0.00393262420664 -0.261415416203 2.05242554911 163.495583272 
0.0197983030687 0.061021640514 2.05242564031 163.495565999 
-0.0092632022691 0.141381936907 2.0524256417 163.49559973 
-0.0239001358372 0.239892149797 2.05242576462 163.495451988 
-0.00211051460616 0.241224245026 2.05242572503 163.495549116 
0.0012021948256 0.153102089392 2.05242564623 163.495603417 
0.00787936482909 0.286447385906 2.05242580373 163.495544464 
-0.0127451340581 0.237185177665 2.05242574807 163.49557232 
0.0253123619524 0.137523601975 2.05242570215 163.495500061 
-0.0163335213768 0.0825994391974 2.05242561422 163.495604691 
0.00255498905013 0.264793266249 2.05242573684 163.495581355 
0.3726832542 -2.38775272832 2.05242550572 163.495555633 
0.0414509830521 -0.171010681984 2.05242558768 163.495587218 
0.0617318915425 -0.0876391642684 2.0524256256 163.495557296 
0.755817681421 3.3549356227 2.05242548764 163.495542408 
0.00322545182148 0.214059105527 2.05242570597 163.495596072 
0.0459258159051 -0.484296060781 2.05242559067 163.495578759 
-0.0242999279367 0.0535164525225 2.05242560361 163.495602503 
0.000352705073074 0.124895698143 2.05242563162 163.495605423 
0.0641945188235 -0.0408622334308 2.05242561569 163.49557197 
0.0614058945036 -0.167076114077 2.0524256157 163.495582546 
0.074121150375 -0.48405554507 2.05242555871 163.495578282 
0.00299544152028 0.256069716089 2.05242573624 163.495589277 
-0.00486249060022 -0.210066609477 2.0524255535 163.495586427 
0.0200890423446 -0.335643235631 2.05242554133 163.495580008 
-0.853036105813 -5.69632521752 2.05242550687 163.495559629 
-0.0161430461979 0.19818023718 2.05242573824 163.495563228 
-0.00596919171063 0.106424027775 2.05242562338 163.495604125 
0.00248175516501 0.139764014127 2.05242565911 163.495601467 
-0.0133502319195 0.220317535579 2.05242569706 163.495580396 
0.00229312235541 0.254009602879 2.05242572494 163.495581676 
-0.00638633498226 0.104513540752 2.05242562404 163.495601125 
0.0493487675475 -0.398654670623 2.05242553828 163.495577449 
-0.00255469928036 0.243664136909 2.05242571791 163.495572559 
0.0487862724893 -0.381618451195 2.05242554223 163.495578298 
0.0292726970208 -0.222153622468 2.05242555557 163.495586134 
0.00561075718137 -0.0425705219482 2.0524255815 163.495594565 
0.443672484267 -6.45087588879 2.05242549744 163.495550397 
0.00694460423958 0.0244196099155 2.05242562392 163.495595311 
-0.00292440595114 0.273460307405 2.05242575192 163.495581743 
0.0186688055777 -0.049051367057 2.05242558163 163.495593605 
-0.0494300440524 -10.3602511309 2.05242549677 163.495550885 
0.0206714915625 0.0238628710886 2.05242565517 163.495582378 
-0.086744356104 -0.17721885269 2.0524258007 163.495440701 
0.0371106572309 -0.989280351246 2.05242552263 163.495569918 
0.0253769207553 -0.283250828576 2.05242555603 163.495582784 
0.00869240469124 0.292942154924 2.05242577384 163.495554581 
-0.00842581683203 0.122104985706 2.05242563266 163.495599689 
-0.0425646303872 0.0195582287743 2.05242559468 163.495600927 
0.0112585557921 0.0680111619394 2.05242563176 163.495577877 
0.00101587753515 0.294085603739 2.0524258496 163.495491473 
0.0478107703185 -0.1350181649 2.05242560084 163.495587336 
0.129853922411 -0.328498911064 2.05242558075 163.495576729 
0.00848796169337 0.297293218554 2.05242581163 163.495543157 
0.00101050254866 0.326274556603 2.0524258305 163.49552271 
-0.0429033872863 -0.123744176291 2.05242556736 163.49559096 
-0.00230112505122 0.0879582969944 2.05242563557 163.4956009 
-0.0199565561185 0.0704817532513 2.05242561481 163.495604068 
-0.0243341760242 -0.208538249596 2.05242555328 163.49558606 
0.299810374427 0.409584363374 2.05242611921 163.495170625 
0.0709444342479 -0.477482088335 2.05242553219 163.495574895 
-0.0130422476995 0.178464976879 2.05242566343 163.495596008 
0.00940146688943 0.148034714274 2.05242568516 163.495535733 
