Test results: GP Error -- DGP Error -- Mus -- Sigmas 
0.00928843767976 -0.989624297943 5.63341324328 1270.23908322 
0.00430078362533 -0.945063265693 5.74502016226 876.075659255 
0.00640142886443 -0.949931070997 5.11143270152 2480.08143708 
0.0674179435939 -0.792947708126 2.60473597229 2934.34073345 
0.017983735189 -0.803811392286 4.14042560626 1435.33438791 
-0.0202573886923 -1.03065592528 5.06255384565 2396.78262279 
0.0258734699769 -0.850392468546 3.09484287356 3450.77670177 
0.107911926627 -0.941278744313 3.50830312554 2261.92838408 
0.0195882228886 -1.32631582526 3.7887942557 810.62607967 
-0.0121824939022 -0.924009850777 4.46121944717 2424.68130783 
-0.00960092167396 -0.994855424191 3.53763964282 215.414490149 
0.0028138049549 -1.02584738461 4.93984010238 3088.03880063 
-0.341779437464 -2.66314384435 2.69643328474 1231.84213912 
-0.00447733125628 -1.09909340974 4.84378014444 3577.63853103 
-0.0220035007336 -0.984337789708 5.03358746603 2374.16004958 
0.280347431157 -0.902023452419 1.39180903848 1542.2461276 
0.0396819136251 -0.841650147683 2.98282281829 3218.04004961 
-0.00481547190727 -0.975415823968 5.0464695771 2552.77788857 
0.00013792975074 -1.06911705933 4.62899968973 2515.05439971 
0.0962620122383 -0.800183145039 2.22746410251 2833.37341425 
0.0287081577902 -1.08754377443 4.36196327337 1854.3762212 
0.0184806031589 -0.945841481271 4.98506067028 2762.75106701 
0.0644683574107 -1.29858763848 2.71420925766 1679.23157934 
0.002110657977 -0.961428697382 5.12038692993 2483.97866798 
-0.00895945316936 -1.01939918904 5.50631126933 1801.97602058 
0.097879480308 -1.16686676176 3.08796492839 1371.1152706 
0.0052977685011 -1.08173731868 5.12714199089 1352.2487351 
0.0165179699734 -0.899261493412 5.57570210827 658.159139093 
-0.028899857454 -1.0500282376 4.25407692486 3812.03629579 
0.018970017386 -0.975900871381 4.17207685434 3144.60847453 
-0.00415477457804 -1.07989316789 5.09091007985 1597.55798675 
-0.80813308004 -3.3888053538 1.92066062228 1437.96173426 
-6.07397045098 -31.6295139789 1.07113775112 1075.12481173 
0.0405058377307 -0.958256190032 3.8793549392 3126.44700996 
0.028824471127 -1.031310311 4.14342284128 2544.53968865 
-0.0373517274974 -0.883435791427 3.32137967155 4221.82703298 
0.00208740259955 -1.11867733889 4.9296335382 3757.8543826 
-0.0371452829878 -0.882190570928 3.31802594526 4226.20679141 
-0.0151799633994 -0.82854658672 3.06895301787 4209.14598417 
0.0790351326788 -1.30092234663 2.77852550623 1613.53767318 
0.0051820053473 -1.08318673649 5.11703963056 1372.67729901 
0.096790495364 -0.729468061841 2.3257732863 3045.8550332 
-0.0210471751323 -1.03216155051 5.07680310894 2344.19714616 
0.0108027621258 -0.975360568718 3.81494073046 3622.93624749 
0.023670853409 -0.936608034542 5.01501371229 2727.18320966 
-0.000904223996916 -1.05013298451 6.33466187828 155.690279594 
0.059482572522 -1.15820473191 4.61439303881 1078.51646853 
-0.0290431274448 -1.05024789477 4.25466079384 3813.46535979 
0.0424522102509 -0.906519545442 3.9565769841 2235.16979265 
-0.0160567394436 -1.05206771575 5.21427590894 1700.38634019 
0.00593602858734 -1.10313252881 4.81539034183 1867.3400467 
-0.021865241019 -1.0449763019 5.14579749283 2030.38925474 
-0.0602582842818 -1.35729995744 2.09280174043 1817.21203528 
-0.0184704148991 -0.987439971848 5.06431368325 2432.2604324 
0.0755584772042 -0.936824982314 3.72065351667 2673.46527833 
0.112799639708 -0.954135045068 1.89036872463 1963.93796557 
-0.206206557875 -1.50297485509 3.22864475088 455.751315555 
0.442946995159 -1.77360010261 0.970845816586 1023.13811658 
-0.0196300924482 -0.983050254477 5.12943854506 2051.27221432 
-0.00848426404865 -0.965094212369 5.11504742602 2340.94921868 
0.0713961868837 -0.737919873842 3.49041030656 65.9405470134 
-0.0423410346674 -0.978137198973 3.82278158712 4142.37816171 
0.000349527879391 -1.05199506666 5.84653747793 1483.64588219 
-1.02513828581 -4.31657669862 3.93790851596 280.432386509 
0.0688880915809 -0.73191598988 2.48607916908 3487.44697112 
0.0110328206634 -1.0143853674 4.1115714302 3556.03334648 
-0.690537759633 -3.00162398282 1.85481899702 1515.43707273 
0.0152777400724 -1.08719369557 5.14129208455 1139.56853407 
-0.0121383686034 -0.99329874957 5.27448109206 1797.16462102 
0.0644160129071 -1.03048751609 3.22044903465 1800.43357307 
-0.00566395460645 -0.986218644694 4.51757748168 2971.36547611 
-0.104911209377 -1.30661689445 3.21578116905 600.115033757 
-0.0376731215453 -1.09384308055 4.44477531165 4036.89894823 
-0.0262464109622 -0.971540519885 3.74435813752 3849.43738457 
0.0428201477192 -1.0317523351 3.95510370685 2107.41387438 
0.0304167975385 -0.943690703991 3.51475035178 3331.83079931 
-0.0234899660365 -1.05901976004 4.34864451718 3754.27292688 
-0.0704104854155 -1.44442782524 2.01128061283 1651.02977863 
0.0506703556283 -0.946559338228 3.89850552315 2901.98622899 
0.0523069600757 -0.900550437927 2.57567445846 2736.30627946 
0.0040972786296 -0.961357535771 5.10470153894 2536.98032521 
0.0744182142793 -0.904088097685 2.45149127697 2204.42702177 
-0.0367532467019 -0.974488489575 3.76212663189 3940.82334137 
0.0168574606023 -1.04677092868 4.3374859631 2619.34595452 
0.0740963244428 -0.934530555718 3.75518464773 2614.34333398 
0.0424246482307 -0.828874577467 3.81498489432 1410.71993586 
0.024129126105 -0.93087520776 5.00758749459 2709.16622108 
-0.0396708400299 -0.912152597603 3.43554130553 4120.78954875 
0.00855287423627 -1.0190150774 4.14986192465 3602.96660515 
0.00966800628837 -0.870983546733 5.08029977606 2111.91025337 
0.0191560581129 -0.936957473468 4.18968098574 2670.72726017 
-0.192200881593 -2.04878673283 2.88249733655 1078.65249522 
4.70906977892e-05 -0.655809686215 5.23309763013 241.446521444 
-0.00152273653437 -1.05610524234 4.78177901312 3376.92175479 
-0.027304957319 -1.10610091104 4.56465869596 4030.29952743 
-0.0133298229142 -1.11703326231 4.73657781447 3953.07003571 
0.0743489620619 -0.941172100121 3.34536461771 2843.93977867 
-0.0743253358859 -1.47052255189 2.62819104378 1395.04973246 
-0.023320048476 -0.98488793105 4.90903379346 2568.72311787 
2.86777532984 6.74880612661 1.24399482515 1127.49602973 
0.0207567104293 -1.01473667214 4.1086220707 3213.27400434 
-0.0205064224589 -1.09642195367 4.56025255724 4022.20342476 
-0.0341434919212 -1.1018065897 4.50949213062 3950.31427368 
-0.0515957007622 -0.957501776946 3.69149377064 4140.81097477 
0.0377315432254 -1.08245217678 6.53787115719 46.5146041353 
-0.00466002460936 -1.00736578204 5.87836491351 1197.91336291 
0.0516632354402 -0.7475921631 2.60318083811 3614.41135061 
0.0569087487042 -0.947217082269 3.7741751575 2965.35213125 
-0.0338330349627 -1.02782134399 4.0977928268 4099.16238458 
0.114035450116 -0.706348767479 2.23269080119 3258.13237627 
-0.0102215285715 -1.06854089268 5.13516323045 1651.87305268 
0.0497869843759 -1.23872927525 4.81258484845 332.577930295 
0.0021262298215 -0.808561523262 5.64739545288 201.218401185 
0.0159900772693 -0.986229444793 5.04754654109 2888.75223403 
0.0149315476118 -0.957329028855 5.63822443264 902.445278035 
0.00518970027747 -0.987837768336 4.98857354159 2838.20364556 
-0.00328340749946 -1.0926311218 4.86433339274 2005.93695512 
-0.12561343398 -1.72377416814 1.75637963039 1587.43065056 
-0.0210269453021 -1.0315137791 5.23465216499 1960.38283091 
0.00689274076107 -0.876322585997 5.15310661906 1977.41382182 
-0.0475655921414 -1.00034854661 3.908217821 4012.88931921 
0.214447731275 -0.868553239409 1.57881084561 1785.36754063 
-0.00325530501966 -0.83677176351 3.12045402692 3974.15856105 
-0.0764095158947 -2.4384762751 1.29254197027 1306.73862762 
-0.00828634867069 -1.07201046721 4.52769209109 3898.21012176 
0.0552165306763 -0.947752485821 2.33759090486 2391.74222007 
0.0157976085528 -1.3473043785 3.78999804882 786.868583405 
0.0356516919441 -0.876618821505 3.16297161176 3214.69218179 
0.0626769382234 -0.943978813866 3.75251158657 2890.9503306 
-0.00999774364796 -0.869765967033 4.56989044358 1698.37157006 
0.0199699629475 -0.979791410951 4.05719553637 3288.37735513 
0.0553468470499 -1.21638383783 4.85723362984 395.16109624 
-0.00584988546452 -0.974236215614 5.6991797378 1371.92549613 
-0.0387556814395 -0.9606141455 3.73744379693 4136.89548275 
-0.00625966395038 -1.04559529461 4.6333123559 3345.39204697 
0.0619275461196 -0.735919262627 2.50095682532 3734.51543093 
0.162255262663 -0.860095403326 1.76633044733 2027.53214115 
9.48978117779e-05 -1.05332915905 4.56420920929 3496.17455266 
0.00856832588622 -1.04741814426 5.25197867975 526.966369847 
0.0759746752213 -1.2241951524 4.55839430286 606.153957255 
-0.0147123786592 -0.988332304637 5.15580015655 2269.32693058 
0.0340944281895 -0.940601697118 4.07625449487 2746.30192911 
-0.020420562697 -1.04015199489 5.22764243934 1876.826476 
0.0200458913037 -0.929906195167 5.03492841045 2628.71063559 
-0.00229422461901 -0.96148378786 5.9139340522 776.145262801 
-0.0287576941157 -1.14052659998 6.30198962301 102.80540004 
-0.00396001496148 -1.05290004778 4.75095609643 3244.72486055 
0.0567897496856 -0.947653258201 3.68797151445 3027.08014754 
-0.010466129623 -1.12050042871 4.81297046595 3768.06093847 
0.068079062938 -0.978988901221 3.08875047132 2086.13386283 
0.00804928736116 -0.997460504709 6.06997434846 614.474171062 
-0.0153142406324 -0.909282888512 3.47773786913 3975.6073163 
-0.00139195516844 -1.00400705255 5.45440643531 1621.84055191 
0.101129317552 -0.733282646889 2.29820563045 2952.11823931 
0.00160313742781 -1.27940053663 4.79085798467 168.040625665 
-0.0086278841662 -0.965942896919 5.73646228344 1221.97942747 
-0.00453955990386 -0.944426207095 5.20918158425 1060.66267022 
0.0105447427138 -0.847306416159 4.17033529102 1839.95198056 
-0.0205330628992 -1.03121407151 5.0668448162 2380.1397129 
-0.153248445072 -1.69399490657 2.73438962269 1224.52541346 
1.19925544712 2.35965104574 0.963356358264 956.229280291 
-0.00429947231396 -1.09352911635 4.74066157376 3843.27829358 
0.0800994319014 -0.906423969583 2.29013734895 2154.96555232 
0.00727935019017 -1.0972023907 4.97737562773 3538.81832585 
0.0125684627337 -1.22922602263 3.01724770439 1348.51880496 
-0.00321141898609 -0.996874549141 5.57893588107 1688.26158396 
0.00199159191918 -1.04904859958 4.53768175527 3150.10204405 
-0.00806853743248 -1.08891747888 4.75513473001 3562.56493415 
0.0541960702273 -0.945418239211 3.86296121208 2891.98993477 
0.00246610438781 -0.733249987037 5.41818742592 312.198977765 
0.0667361833761 -0.974208497407 2.75136170693 2431.76544078 
0.0440930716699 -1.11956208232 4.31395871184 1450.07950887 
0.0676049425621 -0.845995317071 2.69768634221 2637.38150318 
0.281701420387 -1.03023344476 1.30614547741 1404.89424926 
0.0126861357101 -1.07194622331 5.22812771731 465.101204516 
-0.300448310139 -2.53967277661 2.65841696326 1283.2686377 
0.00841789485692 -0.969292797089 3.77837920845 3662.56967072 
0.0325746428055 -1.01282072499 4.01915744081 2773.63651003 
0.0884853773705 -0.935350309278 3.63905909811 2520.52634582 
0.0171185859061 -0.881290852891 5.02237694522 2340.33570721 
-2.44588946989 -6.90086537641 4.35576916568 62.3735383091 
0.000985319105805 -0.966420982337 5.11352635335 2514.69830235 
-0.0247858515425 -0.851720481537 3.14920207461 4217.16023491 
0.0241514738856 -0.954476515378 5.01995594946 2823.69184946 
0.0790295574575 -0.583744301566 3.74191648572 50.8679024901 
0.016775541108 -0.910028150071 5.56727222737 678.640561034 
-0.00342428617768 -0.959074092998 5.78205652956 988.155977692 
0.0072121415559 -0.822088361912 5.49813966595 276.730881153 
0.0256704766246 -0.949456180231 5.00427121584 2828.99394518 
0.0241392079024 -1.01725937443 5.01102752964 3191.56246655 
0.716738200355 7.94434208774 0.698245089349 756.924628344 
0.0130557100297 -0.964108409583 5.06164890161 2718.54007363 
0.0339241069625 -0.818314817066 2.92450454212 3411.40953844 
0.031435369289 -0.919987026871 3.41250948498 3252.76944552 
2.39147183488 5.08696157722 1.30341886439 1158.9614601 
-0.000688361732167 -0.960832755256 5.61229166843 1394.91075951 
-0.0107627614687 -1.01580722203 5.0002480311 2698.4154716 
0.0556496422796 -1.05381601605 3.5465249722 1603.66088969 
-0.00389774111058 -0.964333885237 5.71646652603 1193.77527433 
-0.000280001476268 -1.03944287798 5.81045189711 1491.47532595 
0.0523007939048 -0.999308527295 3.716378812 2330.53990847 
-0.00162194302987 -0.846107299131 3.1603710296 3915.50950684 
-0.00855162991598 -0.964749738755 5.71995837797 1256.14732577 
-0.00592249590985 -1.00791962313 5.0056816909 2837.15828402 
-0.00642997221439 -0.822359972591 3.05321776623 4095.99114482 
0.0363362876309 -1.13239611614 4.72214763586 1396.61778338 
0.0154206035453 -0.951759022744 4.24020928005 2826.53139851 
-0.0194060267829 -1.11652159803 4.67771036627 3988.36337051 
0.00992224806054 -0.871105313424 5.09174839354 2092.41162816 
-0.00679556957602 -1.01478310072 4.61293795278 3127.56295786 
0.103779308748 -0.976661175852 3.37969811688 1577.00596094 
0.00262198521206 -1.06091608816 4.84516265063 3461.80613543 
-0.00371373493744 -0.943801860443 5.50142440829 1594.74439277 
0.052729195528 -0.969834659815 3.55751768507 2619.6603475 
0.00323989073876 -0.975883296545 5.00439277405 2726.22366899 
-0.0204832367421 -1.0247302122 5.24730226612 1992.96324339 
0.0167371274037 -0.881847386095 5.03233780966 2322.74314125 
0.000633523588887 -0.670355931522 5.26173591347 263.146293702 
0.0196089166867 -1.00309823119 4.98591445345 3100.52423648 
-0.596895020598 -3.14118089074 2.40935172863 1422.54395797 
0.107772993004 -0.960520331422 3.21345445308 2412.89399235 
0.00588781149194 -0.919110963019 5.72952072741 713.443433825 
0.0122884290702 -1.03013546291 4.2749084878 3311.89989777 
0.0756908742969 -0.918885482407 2.33321866433 2133.54799434 
0.0162800362128 -1.0775254184 4.99957430687 3513.63121712 
0.118417103623 -0.951914136924 3.40833282513 2177.84546927 
0.00611534054923 -0.805399166822 2.85715537195 4089.41552757 
-0.0390021493243 -0.973919407229 3.75929202062 3962.63464006 
3.1150121239 6.52563738496 3.62292647848 436.147416091 
0.0241619949198 -1.0002579033 3.33751900768 840.485755245 
0.0334831575983 -1.00011209088 3.9310313951 2938.79695852 
-0.0740010016764 -1.5561927831 1.79174601588 1626.05978653 
-0.0331566861681 -0.924722056225 3.56111293309 4130.36519959 
0.044301205643 -1.12329035734 3.12092312766 1490.82665983 
0.0648538652715 -0.943816008772 3.71102254446 2896.84917018 
-0.0237633702812 -1.06245929223 4.3343522271 4054.82475998 
-0.00349196202649 -0.936965317578 5.12227382676 2256.64422446 
-0.0781448303021 -1.44730956258 2.34276280813 1549.64417914 
0.00165591511164 -0.982031165308 4.41472266696 3017.11343708 
0.0175242525574 -0.882455641674 5.01423206644 2364.38739846 
-0.000400172290487 -0.931221699472 5.792816181 739.759757436 
0.0121810226904 -1.18786889809 6.44109786149 977.93267268 
-0.0126648935748 -1.07639259399 5.0368977373 1894.70446827 
-0.00547626493072 -1.01909829736 5.57715150718 1740.6231283 
0.0496562238888 -0.77805472521 2.70236030238 3349.21394953 
0.0327631687423 -0.933005019044 3.48129514265 3217.04730812 
0.0164562953881 -0.899318381744 5.05551207422 2380.94060295 
0.000361256194573 -0.988040586329 5.06386187404 2720.42788929 
0.00942050994453 -0.977449474788 3.86288681045 3507.74578993 
0.00449883515582 -1.11187502428 4.95668308691 3659.45590304 
0.00506629915786 -1.07445257883 4.96439537361 3365.54053841 
0.0160922383039 -1.17257709271 2.52634983049 1682.85609361 
0.0658911975377 -1.16800364 4.63778227509 942.090971692 
-0.0451073267796 -1.02783076627 4.07341092215 4119.93244268 
-0.00613160076415 -1.10220795465 4.82443835926 3612.30759954 
0.0454980948846 -0.824919590387 3.7733968009 1305.01320849 
0.00885301660842 -0.907552294961 4.22363656244 2361.28188203 
-0.0160041265951 -1.04737704441 5.26167990099 1665.60152976 
-55.9180700944 -142.273336097 1.61834762258 1348.66237835 
-0.00658106557894 -1.0483240557 4.59703483111 3397.58265581 
0.00143320972707 -1.06005489456 5.25014132071 1217.56363885 
0.106737942909 -1.53493761529 1.30677106949 1322.42367585 
-0.00283211824058 -0.965994337971 5.19854852456 2271.27801961 
0.000481776143791 -0.988368626937 5.42186803497 1211.78500638 
0.00514605274446 -1.27025023694 4.80668244684 174.376250955 
0.0914054587369 -0.953803168653 3.15606062275 2567.13771108 
-0.0139237989523 -0.98538253493 5.15919428271 2286.21414436 
0.0108358996403 -0.948823519046 4.99746619604 2681.43577093 
0.0576425031326 -1.02600725466 3.61424354262 1848.3941541 
0.0079938162122 -1.07874431433 4.90934824218 3595.87783498 
-0.01918588392 -1.08440881992 4.49974409546 4021.43212272 
0.0190225293615 -1.05554447387 4.9981127712 3403.65638071 
0.042959229488 -0.779318466197 3.96951932838 789.817492972 
0.0354621575812 -0.781271680089 3.97385913013 1118.06113628 
-0.0163290708873 -0.989399543916 5.19881513974 2030.65301058 
0.0156758412935 -0.800577127222 2.78781965008 3991.22642391 
0.00942646909179 -1.05423776577 4.45325889528 2666.21526108 
-0.0337288279524 -1.00282666753 3.96132733842 4100.27430223 
0.00553686813529 -0.972494523201 3.80167808167 3708.55541928 
-0.00514510359754 -1.00242740481 5.91474920706 1081.16757306 
-0.0163658337643 -1.06202950968 4.44246332164 3660.53130378 
-0.00528839816716 -1.06857274252 4.55020447425 3829.06696165 
0.0623304923143 -0.975993186437 2.43006249677 2012.01582785 
0.00708982563625 -1.08127174054 4.90031741404 3619.10195979 
-0.00967026962756 -1.00797335358 4.9807915264 2823.70143858 
0.00951299399363 -0.968546669097 4.99266360828 2779.99334235 
0.0438040503644 -0.951275390152 3.94918704963 2963.65072482 
0.058612759649 -0.997547800299 2.54335351223 1965.14997263 
-0.00134731526479 -0.911372521566 5.38077459221 1658.93576603 
0.0117348852161 -0.901596851429 5.11330195553 2237.50449777 
0.0148939638292 -0.866884259504 5.47197091339 516.698185059 
0.0117997722844 -0.90461693263 5.01155775267 2434.88253783 
0.0225907721556 -1.03420009219 5.03133936612 3242.79659016 
0.0374745358584 -0.955264446086 4.00770298129 2995.38432346 
0.00277670339548 -0.989972595829 5.49449450275 1664.50334861 
0.0429261076075 -0.856083982507 2.65614097414 3140.30919109 
0.135777514246 -1.01319085522 3.1714669921 1872.85216197 
0.0100701160707 -1.07146450337 4.51273774476 2337.79796634 
-0.0124673447526 -0.823405644867 3.04299999982 4199.7001649 
-0.0215229816756 -1.0309218993 5.09953446413 2287.74937813 
-0.00402132482575 -0.957009499519 5.79512070667 950.137124379 
0.0216438993007 -0.920691973717 3.45829680259 3438.21979173 
0.00312716901566 -0.942683429485 5.38250310192 1796.97344286 
0.00491442448033 -1.04022343816 4.3753161459 3526.95967674 
-0.208171895588 -2.13908623035 2.52775915516 1449.22120138 
0.0152947016814 -1.02423480809 4.20989917954 3288.75313934 
-0.0099968409813 -1.0638179027 4.57784951454 3531.86063764 
0.00131771194992 -1.04957073052 4.54136415511 3356.83116694 
-0.00563568655231 -0.94036256322 5.55762656503 1444.26164518 
0.0436815969444 -0.792551838199 2.78073082242 3362.73258778 
0.0579831754096 -0.893215108631 3.77866633955 1867.94200358 
0.000801016846625 -0.84193214373 4.65961041087 968.081437961 
-0.052402861746 -1.01085851306 3.97084328689 4117.71858025 
-0.0264255801334 -1.33095243262 3.18064950524 1087.53236892 
0.00031951572348 -0.872236182365 3.07052815813 3750.63343715 
-0.00142014089716 -1.05057685627 4.92071769657 3195.67177887 
0.00896376824152 -1.09295924254 4.98890673432 3513.59683903 
-0.0901939585036 -1.44632374146 2.11530021009 1775.79581786 
-0.00426002731323 -1.08140640888 4.75723452215 2290.20489243 
-0.00263705531498 -1.12451747679 4.89584374703 3802.75724827 
-0.0490640015521 -1.04922072441 4.17320323177 4075.35563231 
0.000471862998434 -0.915041612908 5.78478751308 646.420028019 
0.00617423913774 -1.01076668162 4.07341583792 3684.48974048 
-0.000149018948546 -0.972774530391 5.10106532305 2563.28102471 
0.00382356950331 -0.938772682456 5.29155385827 1979.98039342 
0.140897445029 -0.716346157219 2.09342021176 2944.03201154 
0.0638198444753 -0.889520404129 3.65484599259 1583.79386624 
0.0183608028149 -0.930075164028 4.18427313387 2590.82568353 
0.00930728900576 -0.906132530142 5.15398766649 2156.44071354 
0.344228824044 -1.0204639086 1.22222739989 1321.33544075 
0.0177986262455 -0.833494814895 3.05441981986 3642.21990933 
-0.00283919275263 -0.938484104843 5.81370569604 232.30412073 
0.0914089801473 -0.720305379185 2.35409175715 3247.04412608 
-0.028946173802 -1.10683927007 4.57139745197 3899.25403089 
-0.000495597804946 -0.974922656263 5.02077712461 2648.4223794 
0.0993912215889 -1.22875109138 2.99938758103 1413.93723446 
-0.00190038278133 -1.05695810087 4.70844384608 3414.10200556 
-0.325964397066 -2.11349096649 2.14405649438 1600.82494691 
0.00683427238207 -1.17210279841 6.18442127779 1142.0643202 
-0.0500685618231 -1.04505009329 4.14829185153 4052.83123587 
-0.0100272701345 -1.09435252033 4.73715852848 3616.87077802 
0.0159782938124 -1.0559270216 5.0287114084 3301.1210803 
-0.115954403733 -1.28683924789 3.28549704419 443.383058351 
-0.274376652957 -1.98189241003 3.20323085284 784.772760202 
0.0338459941438 -1.0141499247 4.01426388841 2701.22998901 
0.0294678203567 -0.847426603145 2.76834454333 3417.97699884 
-0.00788766187915 -1.03376530551 4.76127017715 3155.50170397 
-0.0156225887228 -1.01837797781 4.10708363023 3697.99239203 
-0.0102915522765 -1.05170340252 4.8154879758 2900.87554868 
0.112996842588 -1.12773641727 7.29433392428 12.0638785333 
0.00172749452605 -0.887266554338 4.27199425106 2177.01805179 
0.0664310492731 -0.97022996297 3.37583745343 1215.20723717 
-0.0173048562649 -1.10620232435 3.27077349829 723.322548453 
0.0167354723967 -0.990578885638 4.9817966052 3001.56183041 
-0.0363210154121 -1.07061171689 4.33552070581 3897.23035696 
0.0390947648091 -0.894732972707 3.95430881339 2113.49473752 
-0.0075372027077 -1.06110106555 4.72668794656 2735.57184762 
0.0631800696695 -0.732445094379 2.50501286499 3654.47618139 
0.0627816169341 -0.941081199762 3.43955906109 2989.09890855 
0.0443152651639 -0.907880753719 2.92651586803 2997.77400366 
0.0833718405032 -0.957987763219 3.02079163264 2545.25109592 
-0.144667959159 -1.67564584289 2.28086524387 1673.24610368 
-0.00191577503096 -1.01614183117 5.79942535092 1405.49949049 
0.00350128193524 -1.06975451521 4.84546214828 3557.82884678 
0.0500775632244 -1.06118664364 3.78717787201 1595.60741062 
0.0677647597094 -0.945400066192 2.74595891345 2145.46186215 
0.0253414486367 -0.894595175335 4.0653139261 2197.41181706 
0.0595565692642 -0.753082168791 2.50386403365 3722.47584737 
-0.019918121183 -1.01511414981 5.21929587568 2093.52924158 
0.0948176538235 -1.10591299527 3.16998588115 1350.87268461 
0.0787792523644 -1.16712953811 3.12235990185 1277.34975587 
0.0120938363154 -0.996611366759 5.04802028334 2908.0502201 
0.00230427543769 -0.98630964774 5.47404941883 1709.18020942 
-0.00801542283471 -0.984069021902 5.09181856366 2546.03236682 
-0.00445405145268 -0.970901929107 5.16042194287 2370.05738983 
0.00810473718036 -1.0697767257 6.21546073049 797.602101472 
-0.0173015106694 -0.989668416201 5.04114028079 2521.40670492 
-0.00186815306223 -0.854356620034 5.70775618305 484.147981067 
-0.00508317326368 -1.00714593687 5.01190869812 2834.87771758 
-0.00934811998887 -0.6307182923 5.34621894477 72.0397861937 
0.00236514750151 -1.11830596353 4.93744709502 3732.46442046 
-0.00741516129485 -0.978326224958 5.13043411687 2440.05793479 
0.0347813088213 -0.882987144484 2.85406773385 3171.18318069 
0.0631907273425 -0.908267615617 2.99711001162 2516.12586098 
0.0291635539414 -0.771716184994 2.69123311719 3991.92208741 
-0.0112883393027 -1.00998061164 4.70396717142 3013.5068504 
0.066548387861 -0.934662143402 3.81741841473 2644.21174538 
0.0071271157069 -1.00578828491 4.9698078808 2992.03860407 
0.158146082063 -1.80581209184 1.15310763822 1171.0713844 
-0.00533707627166 -0.815035099512 2.95125055812 4175.52558163 
-0.0116738616147 -1.30169281241 2.98475004103 1278.38236155 
0.10838354834 -1.2235880548 2.94833000811 1506.56540118 
-0.00903630746071 -0.965342798796 5.1264775469 2314.58789995 
0.0961205579738 -0.935780946752 3.54491617549 1842.70177289 
-0.0357213391202 -0.901377625143 3.44479539763 4185.07442499 
-0.0127453136507 -1.04621174206 4.88614804291 2815.61806444 
0.0340420715025 -0.978215744917 3.77075941752 3098.82860891 
0.000674581209144 -0.9263527777 5.40531565277 1678.67863402 
-0.0259579844904 -1.11156730223 4.60249403309 4015.37754571 
-0.0467820994826 -1.33580960464 2.22364146345 1837.90852501 
-0.00901031313329 -0.878524838291 3.14917665349 3856.8259813 
0.124796732057 -0.963883123822 3.31746862611 2142.75735362 
0.0124495814554 -1.1999455624 6.47848872351 850.636850792 
0.00339390376159 -0.981554663653 3.86128845889 3743.45200737 
0.031254419116 -1.3036530482 2.59284050782 1761.92552209 
0.0399188220642 -1.1376268236 3.15739867851 1429.52056635 
0.034057636075 -1.11940421639 5.1400218447 700.413379454 
0.0847484686195 -0.936424948151 3.64914906254 2597.60588385 
0.012776557911 -0.971031272169 5.05918613076 2758.60295567 
-0.0126907093463 -0.964871599146 5.14757887181 1566.7414035 
0.0605608512096 -1.25791126139 4.11715312691 798.163868599 
2.17077272646 9.8835212729 0.922208604289 942.551582294 
0.00597264070094 -0.992294319375 5.57613659995 1475.04765007 
-0.010214352629 -1.02044481693 4.98274033544 2750.51903792 
0.0527463908847 -1.14672811001 4.45342565284 1251.01298259 
-0.00122005222971 -1.10670460013 5.84783878973 1417.28685778 
0.108234439903 -1.01131867082 2.96672371039 2172.36073208 
0.00248940495457 -1.00051670834 4.08368872423 3512.3035226 
-0.00114994057507 -1.02766951924 6.01696571187 1016.19870606 
0.00366493362603 -1.10059125005 4.88843898059 3745.73608131 
0.00520690424243 -1.05556057426 4.98149785024 3234.38043544 
0.0678323869999 -0.960464193442 2.90564430231 2128.41551985 
0.0678090198708 -0.873322865503 2.74718564752 2507.09808531 
0.0391517441698 -1.0017140882 3.89505702728 2717.9214302 
0.0109220262648 -0.872828932583 5.05717066146 2175.63739515 
0.0114525055407 -1.09270263641 4.96964181169 3622.65446275 
-0.0534097696498 -0.984065439822 3.82783585319 4117.54750934 
0.0487232699264 -0.92832502317 3.3397839261 2861.83361527 
0.0170859281832 -1.04518374647 5.03350356565 3243.10234896 
-0.00735441620494 -1.03549833831 4.72924856652 3192.46105425 
-0.00944177042194 -1.00792323087 4.98296503971 2823.63389447 
0.0627656443657 -0.940902531138 3.43319609766 2988.2934792 
0.0349005761568 -1.07579310938 4.21352950961 1822.68349752 
0.056316425961 -0.889004667281 3.77936371957 1830.57996725 
0.0418585984029 -1.21851494634 3.86225848773 961.440071641 
-0.00182017141041 -1.01060433951 5.42379218547 738.163145254 
-0.00558222062241 -1.00159802653 5.0263489641 2781.32661242 
-0.0264969602789 -0.901093672828 5.40657153951 78.8657784407 
-0.0138805016745 -1.46556770908 2.54626419681 1661.59208037 
-0.00639938246628 -0.980700545484 4.51306742174 2926.32957105 
-0.0112496617003 -0.973509904488 5.14217857689 2290.90944692 
0.0610191129681 -0.936885138864 3.21446922384 2517.37514082 
-0.0356920097653 -1.05672555655 4.25257049905 4095.41571721 
0.00736035274462 -0.866097827232 5.46874449317 405.567656695 
0.365015865249 -0.908126369182 1.26156647945 1402.72696998 
-0.0173685103931 -0.990232302328 5.03354461943 2537.72034964 
0.0373625623292 -0.893180590711 3.23420524739 3157.13171051 
-0.0169771370692 -0.837413358801 3.12662835758 4179.94195206 
-0.00606594968439 -0.8877303531 4.90125836094 729.530348475 
0.026243500109 -0.905014793661 3.58568338831 377.375938025 
-0.00402738700264 -0.999934538187 5.78985787708 1337.53454047 
0.00750052721083 -0.830232513054 4.55676375278 858.089352958 
0.0960067342499 -0.725505808034 2.31395571344 3420.26923158 
-0.00821894311675 -0.982890638159 5.06048748828 2515.81336214 
-0.0103125762131 -0.935696283932 4.45336018979 2543.94529533 
0.0787070273083 -0.942175571016 3.35448772823 2798.91536691 
0.00776479452858 -0.9254030285 5.15530853351 2252.30887711 
0.180022788862 -1.48191257148 1.23503025517 1265.12177073 
0.0376133303624 -0.826175194404 3.87295191641 1472.52679834 
-0.00432780741025 -0.978773547116 5.31846442384 1297.62281242 
-0.0136121762415 -0.981048691261 5.20577868545 1702.14642321 
0.0219812662865 -0.919475223788 5.01778923928 2612.03777361 
0.00329070100961 -1.08561969062 5.09101444044 1454.18606751 
0.00521328102888 -1.0976036558 6.18899702947 1077.08193189 
-0.263260295649 -2.22562772319 2.87877571885 1049.08428817 
-0.0260290623716 -0.967542896681 4.88936513185 2347.07492496 
0.113276168272 -1.01607292836 2.98385504188 2129.31781172 
-0.00798875020908 -1.04983357803 5.60531540828 1686.14689773 
-0.00393088596494 -1.05818657745 5.71044421729 1639.52823728 
0.00244902409164 -1.00224149505 5.4946999315 1343.90328578 
-0.00863854599846 -1.0880791339 4.63840005217 3908.54519372 
-0.0198928420777 -0.947282862301 3.67268058062 4004.14480552 
-0.0313849239096 -0.873539006669 3.24649976179 4186.19352087 
-0.00480839281844 -0.978434326763 5.19047514528 379.526809718 
0.0945385807293 -0.896889126312 2.12678732516 2132.78667753 
0.00591689826859 -1.09694301385 4.90964586775 3706.13657206 
-0.656162160672 -3.08556290474 2.24676567952 1491.01657344 
0.000754274904846 -0.907713463447 5.13891422876 2122.36014746 
0.0295510575745 -0.855688512852 3.10063878778 3371.21498754 
0.0385925146156 -0.884334568471 3.18163765181 3144.05788351 
0.0487418565451 -0.807766107948 3.89102912345 513.373692753 
-0.0176415522275 -0.97525476968 4.65107659205 2754.45987798 
0.0139687166241 -0.960320249962 5.58623629019 859.958708807 
-0.0197412936303 -1.05089068458 5.16616266438 1885.2393048 
0.0541940561009 -0.941839864623 3.47338090581 3084.64337792 
-0.0235950179396 -1.12040703703 4.67408847601 3911.69800682 
0.0158290484121 -0.980907829652 3.96443757223 3405.44846735 
-0.0130002605531 -1.07844946346 4.51730285687 3967.47936616 
0.0125634411934 -0.896942865138 5.01233114531 2399.85952054 
-0.0449449817613 -1.35782214115 4.69880100761 112.179741632 
0.304328797469 -5.71154611023 0.855317783305 901.241554352 
-0.0336500557323 -1.100207019 4.49719883388 4037.40571811 
-0.00843656500611 -0.966549299279 5.75330789075 1178.63737896 
0.00575855794245 -0.968770389002 4.35174495082 2938.56066851 
0.0339526233585 -0.864320415338 2.77652696311 3249.17555162 
0.0515934956387 -0.826620991165 3.65053632764 985.105231422 
-0.0257084149709 -0.965590575899 4.80945559002 2457.66537985 
0.0410903862781 -0.95780575415 3.87227119841 3123.76941399 
-0.0666554065349 -1.45172239193 2.66029995711 1386.23900643 
-0.0397751501676 -1.63836959841 2.59695298144 1537.05287765 
0.0130190607472 -0.877161401838 5.47324416328 514.318839922 
0.0230061614319 -0.931486804243 3.47342369525 525.383768868 
0.0104386640237 -0.982457632468 3.93035031819 3479.08301794 
0.0113739534727 -1.15128410952 2.3094733024 2002.68773564 
-0.00059617356566 -0.993636250621 5.42184009132 1303.00870876 
0.0438979217914 -1.12882900236 4.42880478225 1423.08249088 
-0.00807720682634 -1.03319664337 4.77677299609 3140.04288166 
-0.0239979026429 -1.03392467252 4.15812059081 4054.69723815 
0.107566545262 -0.707907699016 2.2646891614 3216.94392756 
-0.0169741396245 -1.05637964861 4.39350065481 3671.33287567 
0.0288873634495 -0.972952212052 3.7562661814 3249.95103717 
0.118169420762 -0.738056546447 2.1841286069 3059.91784476 
-0.00605844068474 -1.01729738971 4.97349653459 2920.38584881 
0.00517136741214 -1.11338500315 4.95710475726 3694.1394832 
-0.0126818840483 -1.05564945113 4.83376146441 2742.0757957 
0.0717740619128 -0.935043647386 3.77103469306 2638.54839368 
0.0443226965552 -0.811080204816 2.83833851504 3250.17502021 
-0.012635584756 -1.00183727657 5.79821605112 353.342838892 
0.0606267238836 -0.936496863429 2.86157828855 2689.33856749 
-0.0030740303569 -0.928462951407 5.24908333704 1985.47716212 
-0.0192193779997 -1.01648488455 5.26218044103 2017.45909582 
-0.2210019366 -1.83846976984 2.3113815049 1435.58361821 
-0.0108735619917 -0.904021748099 4.8701741987 1426.95153575 
0.0661579197246 -0.908151173229 3.76416019304 2003.61646614 
-9.42768421007e-05 -1.08777599135 5.05447942459 1583.12224707 
0.021894961193 -0.81451221002 2.76202526314 3786.08111953 
-0.00259589013237 -0.949543810836 5.56813050982 1450.7990805 
-0.0152314834914 -1.05268058494 6.28836898901 172.304907541 
-0.0433622647422 -1.0510519175 4.19866121578 4101.37666917 
-0.0256016847429 -0.975744946351 3.77211556604 3838.71088969 
0.00314112342039 -0.96918749595 5.69674791957 1184.34602961 
-0.00406108487791 -1.05299067903 4.7328701161 3229.44960212 
-0.00697505320044 -0.945020451748 5.15265284977 1221.6148698 
0.00326155893849 -1.07896012466 4.94396259315 3396.95998995 
0.021553773497 -1.47191287382 4.11324794758 475.267179379 
0.0459413848229 -1.02610246273 3.89119484026 2105.28610445 
-0.0529101676649 -0.971969232027 3.7663561104 4130.70435452 
-0.0146710537032 -0.903693346195 3.30340350799 3846.56369703 
-0.00751279040996 -0.919393137298 5.0306029969 1184.95014973 
-0.0335550848429 -1.10648149364 4.53375506675 3980.82178272 
0.102188096688 -0.958688819138 3.4348992762 1656.66691098 
0.0183568271552 -0.907833825119 4.98873950314 2550.90021394 
0.052401699946 -0.826802146788 2.83042051902 3025.17470653 
0.00782698524375 -0.872252989224 5.09966733362 2067.67597713 
0.000124983357916 -1.02067538931 4.94997081956 2997.75779891 
-0.0531041158872 -1.78355466999 2.70300135777 1384.35063555 
-0.0122710488923 -0.942075066217 5.0497852425 1482.01173922 
0.0190303456133 -0.955526639218 5.04256439716 2753.65949556 
-0.0060287556001 -0.971417451482 4.48488858656 2864.51124924 
-0.108095717271 -1.56492611546 2.92873300959 1123.99555879 
0.0566071102379 -0.944676931979 3.83849049892 2884.05672213 
0.0102029939034 -1.02488800044 4.21285872189 3505.48617666 
-0.0359241793024 -0.99732579374 3.90004009174 3906.13472234 
0.00915566567548 -1.00496994924 6.10089945328 573.599661652 
0.0184194339395 -0.885872076061 5.01541650711 2390.17806067 
-0.0185297325578 -0.986566346866 4.72392264561 2790.85599349 
0.0548425277925 -0.859746577861 3.63068604157 1271.75588147 
0.00287137333399 -0.891574108955 5.2552452215 1827.2213603 
0.00460940524608 -0.986390658982 3.93497188395 3538.17299527 
0.0390336486468 -1.06613752018 4.10538936724 1809.17972161 
0.0223597844697 -1.02005496754 4.14439382141 3047.75745289 
0.00206716043572 -0.975489080611 5.41859978536 1037.80557695 
0.0358095420437 -0.986625884706 3.34603085439 933.174122137 
0.000571393145031 -0.977659733207 5.39606045387 1104.40062477 
-0.0193182185907 -0.960192660321 5.03557721875 1841.97174365 
-0.00434028750464 -1.0666190772 4.55259187867 3800.12878637 
0.046159203077 -1.10310028342 4.08662876781 1441.69375929 
-0.00819150503851 -0.986479353544 4.55290036082 2944.16021617 
-0.01690096988 -0.951366064595 3.69313779413 3975.37779774 
0.0312757459316 -0.959501389367 3.74254162562 3309.37635668 
0.00986628742878 -1.04480718896 4.9359819444 3328.47065188 
0.0534652096318 -0.77553080817 2.53507587456 3637.40499513 
-0.0351262040929 -1.10031668227 4.49583959388 3959.20412118 
0.0559158634637 -0.932202051114 3.23005693896 2996.11118652 
0.0522102914803 -0.937574060717 3.38323268916 3088.60115705 
0.0572216142163 -0.919412076978 3.45514315173 1132.40519936 
-0.000539990879823 -1.06915909046 5.70564469978 952.70649302 
0.00228589914216 -0.978720541868 3.84455171478 3580.13977596 
-0.0020166557295 -0.876100135156 5.7565399887 510.848876523 
-0.00606908243358 -1.04087745035 4.8522555609 3150.54825589 
-0.0236995871788 -0.935464751446 4.748085574 2177.5081908 
0.0726826376503 -1.23248271442 4.61821425389 522.4058454 
-0.0367390515465 -0.946976959273 3.67028261351 4134.76700133 
0.00655727451705 -1.04943981844 6.15967982288 797.518994516 
0.00845913193491 -1.18409833387 6.29540850841 926.372714011 
0.0266404423723 -0.854581121554 2.81301109899 3422.19214407 
0.0136650752981 -0.906271444645 5.00238891614 2476.27322783 
0.0105567493467 -0.873094288351 5.09463270604 2102.48074459 
0.0194987830397 -0.812725400458 2.96242202773 3698.32181024 
-0.000748454484359 -1.06323976584 4.74191680246 3528.79777343 
0.0576987646574 -1.00674667055 3.62537591629 2089.35088401 
-0.0085666377806 -1.03097701974 4.80017657194 3106.79014324 
0.0532663811163 -1.23397262899 4.81100492897 356.218714533 
-0.170175441093 -1.67090359091 2.1002000587 1694.81739749 
0.0126413917729 -0.920308143597 4.21209880186 2484.15938563 
0.0142644592399 -1.01474037618 4.11746700534 3454.92191234 
-0.00518868650062 -0.863557855607 4.71042838457 1272.76098034 
0.0235793109019 -0.970370806943 4.99091139821 2941.75965789 
-0.0074764549776 -0.972951156163 5.25144299227 1386.90944885 
-0.347197643467 -2.34151512314 1.57441011259 1447.54211567 
0.00190816111138 -1.01221223567 4.34638269464 3343.51517123 
0.0115476021477 -0.860288809433 5.45330320506 454.014552447 
0.0626946921844 -0.827072652175 2.45121688619 3048.45034686 
0.00358363846091 -0.861498087922 5.59617493238 261.695486643 
0.00213302645801 -1.04974098506 5.32308018405 1074.91660086 
-0.00406821766429 -0.905826956649 4.34790648985 2320.65506862 
-0.0160913585231 -0.901683272824 4.7287127473 1770.01335778 
-0.00856022788365 -0.804636775039 4.94422478972 137.805226107 
0.05882530414 -0.735781857141 2.52930269623 3702.15027828 
-0.00327606782018 -1.06505394012 4.5656035078 3758.91603079 
-0.0183434343686 -1.09535021328 4.57220789166 4009.98961935 
-0.443800405633 -2.48791897221 2.22346877203 1541.11896984 
-0.000586492473499 -0.959621822844 5.75778131035 1015.67238255 
0.278020276172 -0.99095356922 1.39142758375 1541.77790092 
0.0032020345555 -0.943430614227 5.23981270686 2116.8464558 
0.0185544048016 -1.00972897577 4.9831046878 3133.99959265 
1.94586120921 3.45249916067 2.19821443846 1350.38687294 
0.100800962532 -1.091483637 2.830657947 1956.263076 
0.0487887160489 -1.10518875493 3.02991790943 1590.88332776 
-0.00610394504203 -1.00304364209 5.51415053898 1788.17741905 
-0.00501310533397 -1.03050702439 4.57714328943 3280.18988536 
0.00996414801891 -0.970616145776 5.06711353942 2717.07908056 
-0.0208521525295 -0.921451485299 4.75205648388 1984.30026841 
0.00324805697547 -0.917722632427 5.47583533685 526.161685626 
0.03491702652 -0.784711703679 4.11546783734 797.580215854 
0.0362748889547 -1.04604795264 2.20531364978 2126.31053995 
0.0679954902702 -0.930196398624 3.81869417628 2523.40614053 
0.0728305308182 -1.11466823723 1.73993565855 1787.27733353 
-0.00697524630051 -0.96849918998 5.35887095695 1923.94804736 
0.0585273285216 -1.15502796 4.73701009043 1000.91117219 
-0.0335791225185 -0.880544106837 3.28198830811 4180.034738 
0.00943621303905 -0.871928041236 5.07667444394 2122.13001654 
0.281653997158 -0.782155105058 1.49129901354 1740.10880682 
-0.0264917987372 -1.00054548099 3.93631985481 3820.2270337 
-0.00786739639006 -0.976635867171 5.76832939777 1235.99784791 
0.0661417959335 -1.25005278224 4.6502326095 432.030321889 
0.0677985036388 -0.96973392902 3.12792279864 2160.3386262 
0.00719364727414 -1.1702267973 6.20047267065 1251.28914698 
0.0552308203145 -1.18630783619 4.05768344356 1023.37420696 
0.0471579213651 -0.851159541666 3.77529765676 1521.08013041 
-0.0421013644064 -1.0659742853 4.28355296297 3955.68055607 
0.0102750487871 -1.45556704099 2.97180490204 1183.44936678 
-0.00602928575169 -1.07090753322 4.75802973923 3429.93126373 
-0.00462842294395 -0.863316347869 4.37678022997 1900.03720123 
0.276991642601 -0.749324494283 1.55252400214 1868.05778727 
0.0369383253636 -0.949446372838 3.59984394253 3268.59785306 
-0.772321326216 -3.25868266166 1.74067226264 1476.09303086 
0.0364019618717 -1.07547301204 4.18739499448 1793.94876157 
0.171902552869 -0.883064677777 1.74233756515 1951.37563886 
0.00397684555884 -0.820264317738 5.62870794831 423.227909775 
-0.00108967046932 -0.941339005258 5.5011130689 1549.57284166 
-0.64694523578 -4.41809698814 1.16772518799 1128.53837669 
0.0183076222837 -0.779875452575 2.82047320548 3966.01635658 
0.0871655695207 -0.939220595337 3.57469026363 2652.14204583 
0.0110927320803 -0.986544291626 5.59261874166 1060.17951259 
0.0681491004572 -1.19427082087 4.78150929294 588.041028923 
-0.00125865888753 -1.01516138941 4.0936712172 3815.99673626 
-0.0440346218954 -1.07575310197 4.32554048487 4042.96004957 
0.0946349339173 -0.942134436008 3.46759293046 2603.05728682 
0.103360250934 -2.86202645442 1.00867612845 1023.08327423 
0.0124154055758 -0.936643389412 4.99686323811 2633.97507762 
0.023759783552 -0.932433833187 3.51699739221 3395.74101958 
-0.0489029255866 -0.970676269366 3.74919861009 4069.93840834 
0.0690576894539 -0.865296339392 2.7020758936 2514.99450638 
0.114373488841 -0.70563755412 2.23126980506 3249.51485859 
0.038944155404 -0.956097253116 3.9772210553 3025.6380927 
0.0337503130982 -0.953218544303 3.65082498518 3298.1146136 
0.0498823809652 -0.855423460668 2.95912438464 2973.0026888 
0.21604824887 -0.695823431693 1.79479027836 2349.82800977 
0.0336167770075 -0.776901517775 4.02927741672 1050.30375106 
-0.0295230232269 -1.06902002604 5.69357445812 280.558773054 
-0.0154740971025 -1.02599415985 5.00703858197 2610.47928926 
1.2840194561 7.23735996718 0.803451192178 843.704162427 
-0.000828582029065 -1.06461395511 4.73017917853 3559.49566473 
-0.0674374040562 -1.5680154454 2.99765472547 1039.80501262 
-0.0125403979203 -1.05867648838 4.37721631389 3965.37442278 
-0.000136921373378 -1.10288043173 4.84205615515 3802.25980862 
-0.00129171082664 -0.918614827288 5.49768001552 451.941363138 
0.0186680720734 -0.838851263574 4.07998853175 1748.99944346 
-0.000946355762426 -0.984091201743 4.451014956 3006.80926298 
-0.0146885644631 -0.829317331701 3.03984663726 4211.05068638 
0.119998625261 -1.05304148073 2.95772559164 1970.02648719 
-0.0181178103637 -1.0316167275 5.01926346253 2526.69051357 
0.057948298624 -0.933148675713 2.8161254439 2691.69451755 
0.268220193975 -0.763435261138 1.56614522522 1875.12733326 
0.0145284431444 -1.07203381832 4.97222684905 3513.32294627 
-0.0444813772082 -0.91604699378 3.47526439065 4171.36122062 
-0.0108981262876 -1.10490370049 4.70278728174 3941.83817753 
0.0764587082979 -0.965365958887 2.89406262021 2490.04978088 
0.0156772784377 -0.984149983502 4.17436362163 3232.38866398 
-0.121976036851 -1.55656959462 4.56352126901 92.5824053422 
-0.00241650653035 -0.973420106804 5.33252318855 1177.76802936 
0.000365922326328 -0.976282197892 5.08923337923 2611.52002472 
0.00603925465983 -0.926229155567 5.47794763751 601.297832012 
5.28160754454e-05 -1.02121535168 6.03399728959 925.592684602 
0.0672398415058 -0.943592387564 3.64781166295 2906.72209547 
-0.168142564774 -2.13326973686 2.76442438925 1225.72195323 
0.0160001375068 -0.967222280829 4.98509503397 2855.26605283 
0.0374636356816 -0.75562811024 2.65137858138 3919.68386179 
0.0665869283635 -0.988787740644 2.0326840405 2118.62878707 
0.006735028083 -0.920999193781 5.19887944439 2120.08852246 
0.00307716094777 -0.99927181571 4.39283792644 3188.59753689 
0.12401357247 -0.87157103493 1.92167344301 2199.86441743 
-0.985383151008 -3.13171653742 3.2124320543 318.487007831 
0.208117086611 -0.863229538945 1.64851670746 1883.97865045 
-0.00109043280046 -0.840790234912 4.59199200227 1243.48842942 
-0.00365213231803 -1.0542061606 5.28308452434 1300.10008 
-0.031519743851 -1.08274329038 5.78240692222 250.347548139 
0.0479395963736 -1.36011883385 4.40744809162 372.617367894 
0.116885543448 -1.13386461084 3.07842386856 1485.8864101 
0.0714627681798 -0.919170008155 2.49307876133 2168.68652971 
0.0106465369126 -0.8777953836 3.27611479387 3655.98653118 
0.0792826379081 -0.942804222918 3.27658884979 2765.89935808 
0.033135199131 -0.927242379768 3.44541486602 3213.42242565 
-0.00767014918158 -1.06045477306 6.04354094797 387.111363703 
0.0189827041924 -0.907468277275 5.03549532641 2487.65727761 
0.00731138602615 -0.983729973481 5.63700483814 1321.66180644 
0.0424340397422 -0.776637337354 3.93366287656 904.088100235 
0.0199523427777 -0.884052787811 4.62217643133 407.730205547 
-0.0233963537205 -0.933848822743 4.75678613303 2139.5077781 
-0.319087999827 -1.84356369313 3.10431484241 625.532299622 
0.0825003203752 -0.739936978926 2.42172035959 3134.05664581 
-0.00843000381182 -1.07622612187 4.55892083031 3900.58321973 
-0.0497473385336 -1.02648611631 4.04917172119 4024.02873228 
0.0871527805952 -0.938303398635 3.59748513296 2627.88747496 
0.0738312085877 -0.73985986374 2.47512554976 3275.39804086 
0.00993415015323 -0.882254695687 5.12679656562 2083.76952611 
0.0054744836145 -0.991182508903 5.56505594679 1507.03087791 
-0.0328408629175 -1.02666750854 4.08900449153 3856.52894757 
-0.034037937441 -1.04174132598 4.17464653483 4097.54868621 
0.0114817062857 -0.97392094388 5.66894576982 1080.76051174 
-0.0187489962159 -0.970599736664 4.65107812422 2709.38336765 
0.0403770067912 -0.939405869832 4.02541940943 2739.25298309 
0.0104675067164 -0.881259328259 5.11719606468 2101.89112694 
-0.0163713780447 -0.989945980762 5.04562147034 2532.7613303 
-0.00073871695199 -1.05295418844 4.82785662814 3330.58655923 
0.0464976650123 -1.10083791501 3.64207648391 1337.61824596 
0.00617451551096 -0.801935979813 2.94425627694 4007.24700595 
-0.0504427593958 -1.03365294971 4.09061899392 4098.08229444 
0.0144106135806 -1.19233815251 2.62346117304 1623.71005554 
-0.0184391983029 -1.00683902944 4.00449400343 3740.85089615 
-0.0242088301238 -0.943800530738 4.71439847716 2339.61219204 
0.00878985838616 -0.822869219033 4.23519961768 1597.73871934 
0.00846095819275 -0.97755186196 5.52722487762 959.674429083 
0.0418288054041 -0.754939499938 2.61531720421 3907.16469849 
0.0142383935172 -1.01897714135 4.96958423991 3163.49875565 
0.06737986229 -0.930175301879 3.82327275111 2525.83282884 
-0.0411439024998 -1.05270220072 4.21373205166 4101.61656158 
-0.0113796074355 -0.983629106981 5.09672656519 2410.5556023 
0.049371247044 -0.918854100217 3.27735065386 2860.41426156 
0.0426873687961 -0.897024262978 3.47421770473 804.022019787 
-0.00269924157733 -1.02223987018 5.97152767246 1086.6260285 
0.171116158607 -1.25165484587 1.4447117142 1529.66403075 
-0.00212424034405 -0.920960611544 5.2134059214 2024.17830716 
0.00731218481432 -1.1508310383 6.20867681504 1275.26774523 
0.0118649593132 -0.988122483033 4.03292774196 3420.746334 
0.035663015024 -1.14892151434 3.21948584828 1358.57791161 
0.0092132634551 -0.908874124749 5.02339246552 2413.23822284 
-0.011473048847 -0.991529829321 3.92087622553 3935.02874401 
0.0632645398596 -0.778076261598 2.47216837327 3468.70742511 
0.090697734627 -0.938709773403 3.56861263824 2594.55747079 
-0.074301621688 -1.70871519609 2.92193918942 1120.19762884 
0.00300478049165 -1.0317457676 4.92789053441 3144.0330085 
-0.0131623686425 -0.863620080203 3.25748218673 4027.49656159 
0.0590377702968 -1.15534704113 4.78750993834 931.738417889 
0.00392480087461 -1.00776895835 4.28247472782 3365.65704806 
-0.0018517730258 -1.0236924997 4.40737135787 3382.4551941 
-0.0403203430152 -1.047558916 4.18873303198 4105.44657711 
0.0569242869918 -0.934584639068 2.75584621243 2652.11045724 
0.0293482452715 -0.999411845833 3.95002667172 3089.293131 
-0.00122878969411 -1.03174539444 4.97111875296 3048.25139424 
-0.00970834745485 -0.914128341793 3.34825603237 3764.58355802 
-0.0366870286644 -0.976630540083 3.77481814997 3937.24333425 
0.00560645271124 -0.94869887735 5.0160560784 2595.35710987 
-0.018624124863 -1.05402886221 5.16163240542 1847.00665979 
0.0808090185798 -0.942355188247 3.40313911548 2784.74949529 
0.165348461868 -0.721644120216 1.97010777561 2651.95433379 
0.0202263141267 -0.924630845748 4.98434565144 2665.95232285 
0.100403233561 -0.98883083909 2.98693283661 2302.65964615 
0.0389948535447 -0.855995457891 3.87906243188 1711.89059942 
0.00552032145049 -1.21154675941 2.38688562182 1929.58093766 
0.0063040844429 -1.09020516362 6.21658478201 958.423362893 
-0.0127824244297 -1.06962934311 5.10473241797 1766.04913674 
0.0377647693145 -1.01614713786 3.98091714856 2523.74858689 
0.0619383219217 -0.900835653375 2.36168239967 2563.14185829 
-2.15888354701 -7.34083480214 3.85832298837 314.865775234 
-0.0037976783791 -1.05176636692 4.86906060642 3223.17857448 
-0.000388493004103 -1.05522498159 4.5401442699 3606.6965839 
-0.0300871147453 -1.61326174344 2.60763529764 1539.98236013 
0.0546271558171 -0.925260339156 2.47140260544 2545.47425801 
-0.00415480698009 -0.94494030104 5.52126165601 1562.49415824 
-0.00127149400923 -1.05221065747 4.60942863701 3088.0845072 
0.10586005434 -0.939830739834 3.52592529234 2278.26743415 
-0.00910038846377 -1.01601494728 5.49306864353 1814.81604269 
-0.0318970115108 -0.897054485428 3.4254811187 4161.0107277 
0.0884857830087 -0.82343066809 2.36115493636 2461.87028652 
0.0857078554217 -0.955506984927 3.07207328556 2565.52693868 
0.0408713238374 -0.874496145943 3.11830111111 3114.08306672 
-0.014892241802 -0.986051718324 5.10867947378 2402.90560437 
-0.0151786772467 -1.15677681946 6.47002340579 171.556938891 
-0.00602187564037 -0.928237752357 5.22012089508 780.283052121 
-0.00151234061181 -1.0640757148 4.65868439648 3619.30491719 
-0.0108163363586 -1.01989902094 4.87568287297 2970.38807011 
0.0110399277816 -1.19253548798 6.45200221264 766.65395734 
-0.0099269251397 -1.06444249709 5.1673010758 1594.74191153 
-0.00157856826997 -0.960373680317 5.62554042518 1368.94515465 
0.252407662432 -0.764891575248 1.60934065866 1934.04371525 
0.0161399412796 -0.926663183615 5.61265024455 756.725563946 
0.0485835743989 -1.04948954808 3.85326361448 1743.69395618 
0.00928039930491 -1.16850407454 6.30624815079 1179.8884738 
0.00627108757596 -0.969956072588 5.69557286215 1136.75065203 
0.0122358110893 -1.21879309971 3.33508104047 1132.60081641 
-0.00198250413213 -1.04335827699 5.72777973302 1616.39954891 
0.0837223493312 -0.974856770438 2.91896849967 2424.36324904 
0.0217377225845 -0.9213987446 4.14270595712 2492.49770895 
0.138197835983 -0.862790342431 1.86660818712 2148.21752228 
0.00381518462784 -0.877873359406 5.18578076576 1902.68221636 
0.129286203521 -0.988641990313 3.17922388138 2082.20053942 
-0.00323223324632 -0.963906092468 5.55972127658 1585.12293902 
-0.0036383568815 -0.97233124446 5.13041342238 2457.62594954 
-0.0284564220656 -1.1155246925 4.61165893835 3955.60022375 
0.00122191875938 -1.00980559042 4.19680988235 3476.06345668 
0.00920832835972 -1.07497007355 4.99524466786 3381.86045625 
0.0598005174164 -0.988550670031 3.34438544413 1150.32217576 
-0.023649747625 -1.05748082618 4.30416237172 4054.76108638 
0.0312413573265 -1.11007505812 4.4770902664 1671.73063899 
0.0653446750813 -0.977259986411 3.32295814074 2209.11093441 
-0.0119179793479 -1.04277962648 4.89853710132 2844.70561809 
-0.0068657986717 -1.05717767025 4.71591674619 2862.76882108 
0.0706739923343 -0.922936678346 3.48824424116 1356.96435763 
-0.00446847508156 -0.993582568507 3.95582790977 3622.00803172 
-0.017098848903 -0.963845407776 5.41917722061 481.704998013 
0.0603885654045 -0.966137802559 3.37798678931 1157.62241168 
0.0226595927813 -1.09151539907 5.17579964398 894.411421633 
-0.00971249138248 -1.058688733 4.40098398572 3927.94622052 
-0.00955000597324 -1.11996465369 4.79054260407 3916.711265 
-0.0178050004747 -1.05899202226 4.4028721225 3682.34332239 
0.00430040217178 -1.0360464908 4.9224053335 3201.89608592 
-0.155935666685 -1.5825024782 4.56504173412 68.9455530911 
0.0451969923123 -0.80826595576 2.59325689719 3470.38825707 
0.0353691868077 -0.790617156975 2.81609688705 3530.51015584 
0.00335006615038 -1.07817394526 5.11563778279 227.379435126 
0.00806085620554 -0.800915023832 5.48540218472 259.570352786 
0.0301551571888 -0.80277599502 2.69423228425 3755.30727377 
0.0732812179824 -0.904996448502 2.49396938897 2214.80275629 
-0.0326026378013 -1.06606056284 4.33013000825 3854.59767629 
0.0153824908085 -0.84261611644 5.49948367754 503.727748913 
0.04092419887 -0.948984140283 3.60168115078 3227.34456281 
-0.0116304051454 -0.8215428054 3.03027186129 4200.94696929 
-0.00717319937214 -0.971006011178 3.79921197273 3877.75221589 
0.0654320790591 -0.938963048516 3.79779856825 2754.83452319 
0.0183318475272 -0.898541839509 4.99214210559 2495.40443105 
0.0106270408699 -1.02199148644 4.18372583315 3518.05089162 
-0.00315374933182 -0.983680456949 5.07963347144 2629.57404175 
-0.0334558454169 -1.02556305963 4.08011488917 3862.67390011 
0.0257576423871 -0.934737702853 3.52287236432 3356.91042992 
-0.00619548145533 -0.890926924953 4.91191113008 1093.51226155 
-0.0123922647654 -1.07331172488 5.07587153222 1809.75930077 
-0.00313329573297 -1.07447581053 4.66224036446 3759.49481465 
0.0626265415269 -0.93342799502 3.85365058577 2622.79550027 
0.00884915409779 -0.995200749073 5.61265144802 1297.87892702 
-0.0259665603394 -0.968518154932 4.85202489493 2427.72527275 
0.0552283251035 -0.915104853595 3.88400682661 2274.05511574 
0.0605702859902 -0.902417981728 3.02751255955 2604.68906101 
0.0872463763992 -0.983298198463 3.36363534039 1393.63846465 
0.0190200531001 -1.06598702864 5.01848033049 3427.9415605 
0.04251279424 -0.999936665757 3.8510550285 2629.06535254 
0.0137386342402 -1.09019020795 5.00278701576 3554.36528304 
0.123049732811 -1.04616101059 3.20191862113 1575.36693165 
-0.00723702451928 -0.949678449987 5.61191968725 1402.90160811 
-0.0129874476275 -0.939300747594 3.62743781674 3935.49300032 
0.0437449513609 -0.771763180833 2.59605639722 3808.50525682 
0.10344710206 -0.71248951786 2.28608092907 3183.92831997 
-0.0107965747306 -1.04720861111 4.85833064889 2901.83009206 
-0.0168152934361 -1.00316022985 5.11741036369 2348.26518387 
-0.002850332192 -1.0417701694 4.92466794569 3128.45789875 
-0.877719922786 -3.7294419348 1.56035896516 1389.41950691 
0.0632402799413 -0.901511195846 3.75994012144 1918.25332627 
-0.013661738338 -0.955759103625 5.46125340072 470.462435793 
0.0102837076999 -0.992448839444 5.62203547538 1209.9596824 
0.00443996564426 -1.14801537375 6.06042615137 1115.72026425 
-0.0148023533769 -1.04078807107 6.25824934284 182.323182846 
-0.00633797491569 -0.934762389532 3.59727794515 3859.16901817 
0.897263681994 1.1105199625 0.344085726966 504.732217414 
-0.159999585813 -1.66791419236 3.03108912359 886.655460173 
-0.0131882642336 -1.06121995588 4.39113126023 3972.45944496 
0.077396006604 -0.926758053236 3.75027131457 2344.54196857 
-0.00699852813447 -0.877166522759 4.39285722501 2023.53888364 
-0.00780399472568 -1.01930922126 4.97322632447 2809.23406975 
-0.00524404922108 -0.611751661204 5.19234982898 133.136355283 
-0.00469227870962 -1.02815336862 4.56514432054 3272.59221886 
0.0410207154977 -1.04067263393 4.00356188775 2031.88091297 
0.00324441816331 -0.822528636418 4.43139604496 1351.3133178 
-0.000170342548302 -1.05180780825 4.58550562928 3059.70856328 
0.0118986518802 -1.04090118349 4.36886547185 2960.61692491 
0.0224032834558 -1.11328212066 4.96442896233 1338.76578007 
-0.236993287395 -2.19703397913 2.50048039109 1457.93030576 
0.123296514125 -1.07028294997 2.95857492569 1897.36130566 
-0.0243777627783 -0.981055397941 4.92283662673 2494.16238943 
0.0212927933427 -1.04907964162 5.0280932095 3326.02561445 
0.00495423726129 -0.912589810898 5.05306042606 2341.41898829 
0.0258733537085 -0.957092450401 4.99936500314 2878.54630143 
-0.00261556874138 -1.07906594889 4.70585214518 3761.00803486 
-0.475957516347 -2.40129624306 2.9880107211 795.0458799 
-0.021930494311 -1.0486977992 5.0935944557 2141.25406894 
6.92915008737 16.6023578421 3.93055202508 255.996363562 
0.00327743786735 -0.841480082102 4.28144006077 1756.20024121 
0.103540191093 -1.02478216329 6.32387897282 26.1439564441 
0.0063904686989 -0.998030296278 3.97510493982 3693.68282586 
-0.0295544820205 -1.04135181699 4.18552985724 4082.54937227 
-0.0447824416957 -1.02788203521 4.06499179891 3967.34996378 
-0.0210837118327 -1.33448286818 1.92713624125 1703.15824183 
-0.00743262541503 -1.11717928958 4.80201369322 3900.19120627 
0.0344232925304 -0.921905467437 4.05003295332 2478.309236 
-0.0252486496238 -1.12015169501 4.65484918675 3962.36396991 
-0.309730685068 -2.05769209238 3.12703935601 819.437289188 
-0.0343542332431 -0.883295686029 3.29569842249 4176.82285315 
-0.0308756171884 -0.940667558601 3.64033859184 4099.10078975 
-0.0213964220832 -1.05295341986 5.06794687854 2166.56510817 
0.0767488012737 -0.732499600147 2.4146582671 3611.02107476 
0.00532721577185 -1.15087797027 6.18960217753 791.217897434 
0.00271983339156 -0.957181020504 5.47554193851 1656.4115226 
0.0226479280528 -1.02912611035 5.00711438858 3256.40817523 
-0.000523864929103 -1.05501877378 4.59590086561 3492.48107259 
0.00719675011017 -0.93856131884 4.28955447233 2658.18837753 
0.108743827947 -0.954082439175 3.29607737851 2427.20364004 
0.287559016303 -0.739195510669 1.52565773819 1833.2201551 
-0.0291520030698 -0.98351900833 3.86237607738 4075.68169592 
0.00973345268436 -1.07475236012 4.92646297005 3558.57472421 
-0.00921668049552 -1.04823693196 4.83498546383 2972.76710118 
0.0169107928708 -0.883953997722 3.28553617935 3545.72093133 
0.00860310962748 -1.04462920428 4.42549873468 2981.30461552 
0.00169906746944 -1.07191789484 5.93088090376 1429.67609444 
0.0470356512314 -1.0727839017 3.9149294498 1569.19181739 
-0.861777888104 -3.39441763328 2.9781250198 821.329714055 
0.0392141697755 -0.866369898452 3.09224366607 3163.37986231 
0.00358047820527 -0.941245589166 5.23795968776 2113.16356663 
-0.00393262420664 -0.809349592098 2.94395904981 4182.04367746 
0.0197983030687 -0.864410324959 4.07524147532 1952.54566568 
-0.0092632022691 -1.02702544811 4.84536627507 3046.7639052 
-0.0239001358372 -1.03599615431 5.49755006826 349.682836359 
-0.00211051460616 -0.974032043995 5.33959357897 1170.470087 
0.0012021948256 -1.04684008735 4.96044096505 3164.66975741 
0.00787936482909 -1.16647996397 6.23155082539 1261.71852923 
-0.0127451340581 -1.02169203625 5.4395544874 1838.04019834 
0.0253123619524 -0.803408359027 4.29155125407 776.551420524 
-0.0163335213768 -1.11781469371 4.73801446091 3805.33493608 
0.00255498905013 -0.948840177561 5.44044219644 1699.56782458 
0.3726832542 -1.00791999873 1.21647196514 1334.44425698 
0.0414509830521 -0.923234477881 3.37084512911 3038.18145455 
0.0617318915425 -0.88907543449 3.56477309554 1326.94174733 
0.755817681421 1.53990416828 0.470549201079 582.962430064 
0.00322545182148 -0.931825664245 5.04481784906 2436.76786267 
0.0459258159051 -1.10945072325 2.91686460744 1634.11829432 
-0.0242999279367 -1.09150004232 4.53536487586 3797.63422993 
0.000352705073074 -1.0924944655 4.90763131422 3501.18129722 
0.0641945188235 -0.901691629182 3.74985323466 1901.52252269 
0.0614058945036 -1.00238761059 3.52140839398 2065.47143144 
0.074121150375 -0.861922569703 2.57500973133 2431.01373561 
0.00299544152028 -0.880552010485 5.18824603345 1907.09582091 
-0.00486249060022 -0.894820126363 3.21385386241 3746.59947548 
0.0200890423446 -0.791450680189 2.75284524637 3994.61437169 
-0.853036105813 -3.82182189758 1.47788972768 1343.5158298 
-0.0161430461979 -1.0487819118 5.24428671231 1679.75538705 
-0.00596919171063 -1.08704974262 4.7936767574 3521.05565422 
0.00248175516501 -1.04736959468 4.88479203245 3296.89999125 
-0.0133502319195 -0.991608589951 5.24268382967 2032.69521132 
0.00229312235541 -0.968895959575 5.41697685755 1807.00491105 
-0.00638633498226 -1.04580789618 4.68892466728 3300.69550185 
0.0493487675475 -0.750169027265 2.56824767637 3848.48371623 
-0.00255469928036 -1.00252535806 5.43413944282 1684.11049751 
0.0487862724893 -0.744260955145 2.59113920603 3784.28167514 
0.0292726970208 -0.917833393873 3.22071644395 3294.5493197 
0.00561075718137 -0.982999846133 3.90377391901 3535.99719539 
0.443672484267 -2.32965529068 0.91719007514 963.076780825 
0.00694460423958 -1.03151417536 4.27389868765 3564.0074264 
-0.00292440595114 -0.911575546335 5.40007231267 1621.78024974 
0.0186688055777 -0.972498476136 3.85911163102 3413.26272628 
-0.0494300440524 -4.26927626074 0.951985728346 965.729237683 
0.0206714915625 -1.05392695666 4.31858624659 2380.59634676 
-0.086744356104 -1.57672163435 4.4923931956 137.099064531 
0.0371106572309 -1.05596555004 2.12122749109 2077.97153072 
0.0253769207553 -0.794619084501 2.87030562565 3693.03842517 
0.00869240469124 -0.963520310911 5.69964638908 1033.70858339 
-0.00842581683203 -1.02933165816 4.74436264536 3134.25684462 
-0.0425646303872 -1.07993788507 4.35407576049 3999.07802376 
0.0112585557921 -0.910543233865 4.20739792541 2388.6708016 
0.00101587753515 -1.11318857695 6.14403514558 581.05872922 
0.0478107703185 -0.959032156657 3.54246995822 2810.70112945 
0.129853922411 -1.05028343352 3.1675254919 1637.17172843 
0.00848796169337 -1.15093805899 6.28233696905 1163.07800766 
0.00101050254866 -0.894070137597 5.77006332963 546.567394061 
-0.0429033872863 -0.913032296124 3.49399487764 4210.8837862 
-0.00230112505122 -1.06974650367 4.65768261391 3706.57383085 
-0.0199565561185 -1.11660575904 4.67357783614 3990.14071017 
-0.0243341760242 -0.855658982829 3.15141197707 4188.2294948 
0.299810374427 -0.141836364398 3.96929659849 6.75540397293 
0.0709444342479 -0.753957624395 2.43648802182 3563.91185829 
-0.0130422476995 -0.999707828716 4.9958328635 2719.17952289 
0.00940146688943 -0.806101059475 4.35098503022 1255.19089114 
