Test results: GP Error -- DGP Error -- Mus -- Sigmas 
0.00928843767976 -0.985865315153 5.6227700764 1272.96635595 
0.00430078362533 -0.939801943984 5.72948010254 878.802931982 
0.00640142886443 -0.9481354375 5.10672573525 2482.8087098 
0.0674179435939 -0.791522081587 2.60266486854 2937.06800618 
0.017983735189 -0.801038345182 4.13406042014 1438.06166064 
-0.0202573886923 -1.02842897219 5.05700191055 2399.50989552 
0.0258734699769 -0.849107509063 3.09269373614 3453.5039745 
0.107911926627 -0.93898129796 3.50415115188 2264.65565681 
0.0195882228886 -1.31655595332 3.77289867251 813.353352397 
-0.0121824939022 -0.922046966646 4.45666808957 2427.40858056 
-0.00960092167396 -0.975826639302 3.50389434832 218.141762877 
0.0028138049549 -1.02423687055 4.93591301389 3090.76607335 
-0.341779437464 -2.65523467294 2.69061135855 1234.56941185 
-0.00447733125628 -1.09758221369 4.84029297166 3580.36580376 
-0.0220035007336 -0.982317128179 5.02846173764 2376.88732231 
0.280347431157 -0.898536390838 1.38925737498 1544.97340033 
0.0396819136251 -0.840289448034 2.98061896542 3220.76732233 
-0.00481547190727 -0.973560501641 5.04172990276 2555.5051613 
0.00013792975074 -1.06670056492 4.6235935423 2517.78167244 
0.0962620122383 -0.798416230484 2.22527780343 2836.10068698 
0.0287081577902 -1.08393461103 4.35442185633 1857.10349393 
0.0184806031589 -0.944247102223 4.98097602292 2765.47833973 
0.0644683574107 -1.29496369394 2.70993004565 1681.95885206 
0.002110657977 -0.959604779838 5.11562552128 2486.70594071 
-0.00895945316936 -1.01652610451 5.49847720769 1804.70329331 
0.097879480308 -1.16260773557 3.08189546268 1373.84254333 
0.0052977685011 -1.07714938858 5.11584230919 1354.97600783 
0.0165179699734 -0.892926509681 5.55710436264 660.88641182 
-0.028899857454 -1.04862609473 4.25116729488 3814.76356852 
0.018970017386 -0.974284265431 4.16866342183 3147.33574726 
-0.00415477457804 -1.07602358458 5.08143858341 1600.28525948 
-0.80813308004 -3.38199086119 1.91767841492 1440.68900699 
-6.07397045098 -31.5530098178 1.06862632864 1077.85208446 
0.0405058377307 -0.956627715668 3.87612889038 3129.17428269 
0.028824471127 -1.02905663577 4.13882584328 2547.26696137 
-0.0373517274974 -0.882309703387 3.31939385078 4224.5543057 
0.00208740259955 -1.11722963109 4.92626508337 3760.58165533 
-0.0371452829878 -0.881067721307 3.31604652605 4228.93406414 
-0.0151799633994 -0.827466065189 3.06713951755 4211.8732569 
0.0790351326788 -1.29713585596 2.77395305251 1616.26494591 
0.0051820053473 -1.07864507444 5.10588371051 1375.40457174 
0.096790495364 -0.728109477004 2.32394627348 3048.58230593 
-0.0210471751323 -1.02987187367 5.0710829739 2346.92441888 
0.0108027621258 -0.973981856469 3.81227807454 3625.66352021 
0.023670853409 -0.935020427239 5.0109024661 2729.91048239 
-0.000904223996916 -1.01187512948 6.2164497537 158.417552321 
0.059482572522 -1.15097601947 4.59893754479 1081.24374126 
-0.0290431274448 -1.0488460704 4.25175173723 3816.19263251 
0.0424522102509 -0.904301453438 3.95197380455 2237.89706537 
-0.0160567394436 -1.04872807916 5.20578993821 1703.11361291 
0.00593602858734 -1.09953118611 4.80714460808 1870.06731943 
-0.021865241019 -1.0422306689 5.1388886248 2033.11652747 
-0.0602582842818 -1.35376902565 2.08966699291 1819.93930801 
-0.0184704148991 -0.985472657175 5.05930065203 2434.98770513 
0.0755584772042 -0.934914412344 3.71698329921 2676.19255106 
0.112799639708 -0.951824847516 1.88813391224 1966.6652383 
-0.206206557875 -1.49080682954 3.21294893527 458.478588282 
0.442946995159 -1.76616783619 0.968244293476 1025.8653893 
-0.0196300924482 -0.980723621873 5.12342038242 2053.99948705 
-0.00848426404865 -0.963079593311 5.10980346776 2343.67649141 
0.0713961868837 -0.692277926855 3.39874375474 68.6678197406 
-0.0423410346674 -0.976931974995 3.82045247262 4145.10543443 
0.000349527879391 -1.04834545851 5.83613902658 1486.37315492 
-1.02513828581 -4.24924609149 3.88803774644 283.159659236 
0.0688880915809 -0.7307078248 2.48434490826 3490.17424385 
0.0110328206634 -1.01291758213 4.10857552679 3558.76061921 
-0.690537759633 -2.99441814228 1.85147897058 1518.16434546 
0.0152777400724 -1.08169602787 5.12774992242 1142.2958068 
-0.0121383686034 -0.990631058936 5.26742209811 1799.89189375 
0.0644160129071 -1.02760427304 3.21587607509 1803.1608458 
-0.00566395460645 -0.984526618107 4.51372903266 2974.09274884 
-0.104911209377 -1.29778281697 3.20346509693 602.842306485 
-0.0376731215453 -1.09248720246 4.44189707617 4039.62622095 
-0.0262464109622 -0.970212804514 3.74183653484 3852.1646573 
0.0428201477192 -1.02898504496 3.949716771 2110.14114711 
0.0304167975385 -0.942162323378 3.51198660121 3334.55807203 
-0.0234899660365 -1.05758999319 4.34562485323 3757.00019961 
-0.0704104854155 -1.44109835851 2.00854112025 1653.75705136 
0.0506703556283 -0.944809924255 3.89500185393 2904.71350172 
0.0523069600757 -0.898672364032 2.57312924478 2739.03355219 
0.0040972786296 -0.959574726258 5.10006153308 2539.70759794 
0.0744182142793 -0.90210572721 2.44893899805 2207.1542945 
-0.0367532467019 -0.973193297012 3.75965881379 3943.5506141 
0.0168574606023 -1.04453289778 4.3327431619 2622.07322725 
0.0740963244428 -0.932576412536 3.75139139233 2617.07060671 
0.0424246482307 -0.825829998798 3.80863398225 1413.44720859 
0.024129126105 -0.929288339165 5.00347206377 2711.8934938 
-0.0396708400299 -0.910966616781 3.43341046821 4123.51682148 
0.00855287423627 -1.01756367959 4.14687873715 3605.69387787 
0.00966800628837 -0.869047693933 5.07504333617 2114.63752609 
0.0191560581129 -0.935086103356 4.18563317164 2673.4545329 
-0.192200881593 -2.04124728598 2.87536911232 1081.37976795 
4.70906977892e-05 -0.644280603983 5.19666058461 244.173794171 
-0.00152273653437 -1.05454628325 4.77815342154 3379.64902751 
-0.027304957319 -1.10473699958 4.56170262187 4033.02680016 
-0.0133298229142 -1.1156419903 4.73346503006 3955.79730844 
0.0743489620619 -0.939369624432 3.34225827881 2846.6670514 
-0.0743253358859 -1.46631778463 2.62371792871 1397.77700518 
-0.023320048476 -0.982999877277 4.90436425035 2571.4503906 
2.86777532984 6.73445486775 1.24088932962 1130.22330246 
0.0207567104293 -1.01307631929 4.1052361382 3216.00127706 
-0.0205064224589 -1.09507057188 4.55731295709 4024.93069749 
-0.0341434919212 -1.10040892097 4.50649338839 3953.04154641 
-0.0515957007622 -0.956297024641 3.68922182602 4143.5382475 
0.0377315432254 -0.963320137349 6.16385540153 49.2418768625 
-0.00466002460936 -1.00308297459 5.86582315094 1200.64063564 
0.0516632354402 -0.746422823012 2.60143901083 3617.13862333 
0.0569087487042 -0.94550040404 3.77084782211 2968.07940398 
-0.0338330349627 -1.02655824798 4.09524038016 4101.88965731 
0.114035450116 -0.704993805287 2.23091788601 3260.85964899 
-0.0102215285715 -1.06492683666 5.12619131811 1654.60032541 
0.0497869843759 -1.21585969343 4.76342222563 335.305203023 
0.0021262298215 -0.788782054331 5.58563228836 203.945673913 
0.0159900772693 -0.984629166839 5.04347980174 2891.47950676 
0.0149315476118 -0.952331565683 5.62382888721 905.172550762 
0.00518970027747 -0.986174037879 4.98439833078 2840.93091829 
-0.00328340749946 -1.08940527151 4.8568348847 2008.66422784 
-0.12561343398 -1.71986601007 1.75385952087 1590.15792329 
-0.0210269453021 -1.02876713208 5.22757481121 1963.11010364 
0.00689274076107 -0.874233535476 5.14736927936 1980.14109455 
-0.0475655921414 -0.999061390423 3.90570301588 4015.61659194 
0.214447731275 -0.865575031175 1.57629444556 1788.09481335 
-0.00325530501966 -0.835650274811 3.11854875268 3976.88583378 
-0.0764095158947 -2.43198732016 1.29010273674 1309.46590035 
-0.00828634867069 -1.07064196473 4.52470168252 3900.93739449 
0.0552165306763 -0.945526758375 2.33491970292 2394.4694928 
0.0157976085528 -1.33710611906 3.7735317636 789.595856132 
0.0356516919441 -0.875212077284 3.1606005964 3217.41945452 
0.0626769382234 -0.942217223023 3.74911114311 2893.67760333 
-0.00999774364796 -0.867274900529 4.56380203401 1701.09884278 
0.0199699629475 -0.978235691533 4.05400739349 3291.10462785 
0.0553468470499 -1.19726574781 4.81533609016 397.888368968 
-0.00584988546452 -0.970668023752 5.68887916354 1374.65276885 
-0.0387556814395 -0.959424861988 3.73517671123 4139.62275548 
-0.00625966395038 -1.04403419833 4.62977644305 3348.1193197 
0.0619275461196 -0.734738471254 2.49925564699 3737.24270366 
0.162255262663 -0.857487059871 1.76385358703 2030.25941388 
9.48978117779e-05 -1.05179424154 4.56079734294 3498.90182539 
0.00856832588622 -1.03680687573 5.22475895609 529.693642574 
0.0759746752213 -1.21074256817 4.53082379797 608.881229982 
-0.0147123786592 -0.986161159532 5.1501703178 2272.05420331 
0.0340944281895 -0.938764797067 4.07239606678 2749.02920183 
-0.020420562697 -1.03722225835 5.22013534422 1879.55374873 
0.0200458913037 -0.928267954481 5.0306544076 2631.43790831 
-0.00229422461901 -0.955355266507 5.89545637151 778.872535529 
-0.0287576941157 -1.08171939604 6.12885354098 105.532672767 
-0.00396001496148 -1.05125118323 4.74714018583 3247.45213328 
0.0567897496856 -0.945968943689 3.68478218703 3029.80742027 
-0.010466129623 -1.11903217427 4.80963791993 3770.7882112 
0.068079062938 -0.976653485288 3.08510541952 2088.86113556 
0.00804928736116 -0.989635118122 6.04619420576 617.201443789 
-0.0153142406324 -0.908101036115 3.47558513794 3978.33458903 
-0.00139195516844 -1.00102517376 5.44629050636 1624.56782464 
0.101129317552 -0.731883715402 2.29635074993 2954.84551204 
0.00160313742781 -1.23540755727 4.69839327166 170.767898392 
-0.0086278841662 -0.961976041926 5.72488732158 1224.70670019 
-0.00453955990386 -0.94027793432 5.19806822543 1063.38994295 
0.0105447427138 -0.844946994562 4.16500884433 1842.67925329 
-0.0205330628992 -1.02896707971 5.06123971582 2382.86698562 
-0.153248445072 -1.68862407516 2.72893825912 1227.25268618 
1.19925544712 2.35607545888 0.960822940335 958.956553018 
-0.00429947231396 -1.09213313688 4.73750046834 3846.00556631 
0.0800994319014 -0.904404753769 2.2877117177 2157.69282505 
0.00727935019017 -1.095702013 4.97381472038 3541.54559857 
0.0125684627337 -1.22501412062 3.01154691339 1351.24607769 
-0.00321141898609 -0.993906609106 5.57064394948 1690.98885669 
0.00199159191918 -1.04729028358 4.53378790987 3152.82931678 
-0.00806853743248 -1.08740401254 4.75168953102 3565.29220688 
0.0541960702273 -0.943661414477 3.85947273558 2894.71720749 
0.00246610438781 -0.723206519266 5.38679126772 314.926250492 
0.0667361833761 -0.972043648241 2.74834465828 2434.49271351 
0.0440930716699 -1.11459509188 4.30384936338 1452.80678159 
0.0676049425621 -0.844363237502 2.69530126641 2640.10877591 
0.281701420387 -1.02614725599 1.30351663835 1407.62152199 
0.0126861357101 -1.05932184455 5.19627270882 467.828477243 
-0.300448310139 -2.53236105752 2.65292560876 1285.99591043 
0.00841789485692 -0.967938790968 3.77578134764 3665.29694345 
0.0325746428055 -1.01085017415 4.01522268696 2776.36378276 
0.0884853773705 -0.933312968243 3.6352282648 2523.25361855 
0.0171185859061 -0.879544283844 5.01771422754 2343.06297993 
-2.44588946989 -6.51482503736 4.14294404774 65.1008110364 
0.000985319105805 -0.964606726091 5.10880851968 2517.42557508 
-0.0247858515425 -0.850609479982 3.14731260564 4219.88750763 
0.0241514738856 -0.952910815317 5.01593454256 2826.41912219 
0.0790295574575 -0.533514021588 3.62323728192 53.5951752174 
0.016775541108 -0.903828953124 5.5492030607 681.367833761 
-0.00342428617768 -0.954246272065 5.76780758734 990.88325042 
0.0072121415559 -0.807974268065 5.45555048046 279.458153881 
0.0256704766246 -0.947904671847 5.00028848013 2831.72121791 
0.0241392079024 -1.01576851842 5.00732412857 3194.28973928 
0.716738200355 7.9196181345 0.695759126139 759.651901071 
0.0130557100297 -0.962449830629 5.05737462414 2721.26734635 
0.0339241069625 -0.817048886094 2.92246846957 3414.13681116 
0.031435369289 -0.918532487136 3.40992424322 3255.49671825 
2.39147183488 5.07705881772 1.30026066403 1161.68873283 
-0.000688361732167 -0.957454222851 5.6026216396 1397.63803224 
-0.0107627614687 -1.01392912226 4.99558936901 2701.14274433 
0.0556496422796 -1.05025186547 3.54037040483 1606.38816241 
-0.00389774111058 -0.960320333044 5.70478656829 1196.50254706 
-0.000280001476268 -1.0358726144 5.80028007764 1494.20259867 
0.0523007939048 -0.997002792965 3.71209283908 2333.2671812 
-0.00162194302987 -0.844964955491 3.15841543918 3918.23677956 
-0.00855162991598 -0.960897713563 5.70874401141 1258.87459849 
-0.00592249590985 -1.0062097677 5.00141907405 2839.88555675 
-0.00642997221439 -0.821271419428 3.05139398283 4098.71841755 
0.0363362876309 -1.12711383311 4.71045012801 1399.34505611 
0.0154206035453 -0.949983516841 4.23635198183 2829.25867124 
-0.0194060267829 -1.11513740381 4.67465116777 3991.09064324 
0.00992224806054 -0.869153042011 5.08643577176 2095.13890089 
-0.00679556957602 -1.01315317037 4.60920615278 3130.29023059 
0.103779308748 -0.973303785965 3.37395764683 1579.73323367 
0.00262198521206 -1.05941833795 4.841641477 3464.53340816 
-0.00371373493744 -0.940877961032 5.49314907328 1597.4716655 
0.052729195528 -0.967901570777 3.55402652991 2622.38762022 
0.00323989073876 -0.974170620532 5.00005501611 2728.95094172 
-0.0204832367421 -1.02207013472 5.24040839429 1995.69051612 
0.0167371274037 -0.88008623723 5.02762823752 2325.47041398 
0.000633523588887 -0.659563067958 5.22773765193 265.873566429 
0.0196089166867 -1.0015812531 4.98213854128 3103.25150921 
-0.596895020598 -3.1335434594 2.40490824768 1425.27123069 
0.107772993004 -0.95836181982 3.20991647461 2415.62126508 
0.00588781149194 -0.912888646085 5.71094395174 716.170706552 
0.0122884290702 -1.02850659177 4.27147853191 3314.6271705 
0.0756908742969 -0.916832194954 2.33072202311 2136.27526706 
0.0162800362128 -1.07606425763 4.99605801688 3516.35848985 
0.118417103623 -0.949511202185 3.40413694316 2180.57274199 
0.00611534054923 -0.804263744964 2.85535849693 4092.14280029 
-0.0390021493243 -0.972632880215 3.75684185435 3965.36191279 
3.1150121239 6.48119807159 3.59378950226 438.874688818 
0.0241619949198 -0.994627271166 3.32812404829 843.213027973 
0.0334831575983 -0.998307679432 3.92748499484 2941.52423125 
-0.0740010016764 -1.55261479059 1.78923804626 1628.78705926 
-0.0331566861681 -0.923564269363 3.55897080054 4133.09247232 
0.044301205643 -1.11963166172 3.11554538563 1493.55393256 
0.0648538652715 -0.94205658523 3.70766355348 2899.57644291 
-0.0237633702812 -1.06115002532 4.331600743 4057.5520327 
-0.00349196202649 -0.934961932783 5.11697590769 2259.37149719 
-0.0781448303021 -1.44370526991 2.33931248745 1552.37145187 
0.00165591511164 -0.980358769742 4.41099761826 3019.84070981 
0.0175242525574 -0.880724989516 5.00962218807 2367.11467118 
-0.000400172290487 -0.925028184055 5.77423835727 742.487030163 
0.0121810226904 -1.18137506319 6.42197997644 980.659945407 
-0.0126648935748 -1.07316750982 5.02907435206 1897.431741 
-0.00547626493072 -1.01612914167 5.56895010798 1743.35040103 
0.0496562238888 -0.776799916168 2.70045319227 3351.94122226 
0.0327631687423 -0.931512625443 3.47860737798 3219.77458085 
0.0164562953881 -0.897567442599 5.05085151068 2383.66787567 
0.000361256194573 -0.986315927452 5.05946888811 2723.15516202 
0.00942050994453 -0.975984177592 3.86002439739 3510.47306266 
0.00449883515582 -1.11039932832 4.95321954993 3662.18317576 
0.00506629915786 -1.07290717499 4.96069705061 3368.26781114 
0.0160922383039 -1.16958352454 2.52286880306 1685.58336633 
0.0658911975377 -1.15964007031 4.61989096968 944.81824442 
-0.0451073267796 -1.02656968114 4.07087771375 4122.65971541 
-0.00613160076415 -1.10070412073 4.82098715263 3615.03487227 
0.0454980948846 -0.821667018409 3.76667143899 1307.74048121 
0.00885301660842 -0.905514992429 4.21912563738 2364.00915476 
-0.0160041265951 -1.04402161972 5.25305658917 1668.32880248 
-55.9180700944 -141.979848093 1.61503252134 1351.38965108 
-0.00658106557894 -1.04677955352 4.59356851908 3400.30992854 
0.00143320972707 -1.05530373567 5.23803278142 1220.29091157 
0.106737942909 -1.52949342884 1.30396456833 1325.15094857 
-0.00283211824058 -0.963977544981 5.19321565253 2274.00529234 
0.000481776143791 -0.984510886823 5.41134877937 1214.51227911 
0.00514605274446 -1.22799528321 4.71721823663 177.103523682 
0.0914054587369 -0.951785055399 3.15280067934 2569.86498381 
-0.0139237989523 -0.983308576798 5.15380491681 2288.94141709 
0.0108358996403 -0.947157999981 4.99319522171 2684.16304365 
0.0576425031326 -1.02299124509 3.6088632099 1851.12142683 
0.0079938162122 -1.07729923162 4.90593540577 3598.60510771 
-0.01918588392 -1.08306936384 4.49685252759 4024.15939545 
0.0190225293615 -1.05407692006 4.99454437386 3406.38365344 
0.042959229488 -0.774535914961 3.95884983333 792.544765699 
0.0354621575812 -0.777829680389 3.96618033408 1120.78840901 
-0.0163290708873 -0.987041482726 5.19265291644 2033.38028331 
0.0156758412935 -0.799403483795 2.78600250703 3993.95369664 
0.00942646909179 -1.05202638014 4.44846496493 2668.94253381 
-0.0337288279524 -1.00158853881 3.95887848289 4103.00157495 
0.00553686813529 -0.971154541669 3.79909547454 3711.282692 
-0.00514510359754 -0.997715144944 5.90083018296 1083.89484579 
-0.0163658337643 -1.06056537263 4.43930896563 3663.25857651 
-0.00528839816716 -1.06718165321 4.54714451864 3831.79423438 
0.0623304923143 -0.973743755547 2.42729616252 2014.74310058 
0.00708982563625 -1.07983038062 4.89692375767 3621.82923252 
-0.00967026962756 -1.00624573893 4.97650616653 2826.42871131 
0.00951299399363 -0.966898813999 4.98848428842 2782.72061508 
0.0438040503644 -0.949563562357 3.94572248066 2966.37799755 
0.058612759649 -0.995198537249 2.54036234154 1967.87724536 
-0.00134731526479 -0.908723731206 5.37331788573 1661.66303876 
0.0117348852161 -0.899719864626 5.1082548288 2240.23177049 
0.0148939638292 -0.859192169878 5.44942485008 519.425457786 
0.0117997722844 -0.902877728429 5.00698144016 2437.60981055 
0.0225907721556 -1.0327001358 5.02762941172 3245.52386289 
0.0374745358584 -0.953571955728 4.00423388602 2998.11159619 
0.00277670339548 -0.98710691367 5.48658209486 1667.23062134 
0.0429261076075 -0.854489545789 2.65385926236 3143.03646381 
0.135777514246 -1.0103012634 3.1669148926 1875.5794347 
0.0100701160707 -1.06878973469 4.50691069363 2340.52523907 
-0.0124673447526 -0.822326407538 3.04119890899 4202.42743763 
-0.0215229816756 -1.0285779293 5.09364888289 2290.47665086 
-0.00402132482575 -0.951994723622 5.78027089034 952.864397106 
0.0216438993007 -0.919315149754 3.45581776588 3440.94706446 
0.00312716901566 -0.940180663835 5.37556880492 1799.70071559 
0.00491442448033 -1.03870715535 4.37206443508 3529.68694947 
-0.208171895588 -2.13338793024 2.5231705809 1451.9484741 
0.0152947016814 -1.02260198917 4.20650332694 3291.48041207 
-0.0099968409813 -1.06230930451 4.57450322345 3534.58791037 
0.00131771194992 -1.04795446777 4.537782899 3359.55843967 
-0.00563568655231 -0.937159580995 5.54845251713 1446.9889179 
0.0436815969444 -0.791291553009 2.77877578056 3365.4598605 
0.0579831754096 -0.890596832024 3.77344052361 1870.66927631 
0.000801016846625 -0.83786170348 4.64931325316 970.808710688 
-0.052402861746 -1.00960685282 3.96837163281 4120.44585297 
-0.0264255801334 -1.32511717036 3.17268712738 1090.25964165 
0.00031951572348 -0.870927549874 3.06838195833 3753.36070987 
-0.00142014089716 -1.04897752919 4.91687983163 3198.3990516 
0.00896376824152 -1.09145779362 4.98532778805 3516.32411176 
-0.0901939585036 -1.44259246832 2.11207383302 1778.52309058 
-0.00426002731323 -1.07866749605 4.7509744998 2292.93216516 
-0.00263705531498 -1.12307200084 4.89251272035 3805.484521 
-0.0490640015521 -1.04791888173 4.17055205124 4078.08290503 
0.000471862998434 -0.908104140247 5.76383141221 649.147300746 
0.00617423913774 -1.00936485315 4.07057601054 3687.21701321 
-0.000149018948546 -0.970978912177 5.0964223364 2566.00829744 
0.00382356950331 -0.936530148759 5.28543323983 1982.70766615 
0.140897445029 -0.7147544395 2.09147880033 2946.75928426 
0.0638198444753 -0.886485828667 3.64897629891 1586.52113896 
0.0183608028149 -0.928155336862 4.1801110777 2593.55295626 
0.00930728900576 -0.904168551619 5.14867726917 2159.16798627 
0.344228824044 -1.01618489207 1.21963891948 1324.06271348 
0.0177986262455 -0.832288219634 3.05240975228 3644.94718206 
-0.00283919275263 -0.918474113864 5.75369375256 235.031393457 
0.0914089801473 -0.719016229539 2.35232766538 3249.77139881 
-0.028946173802 -1.10541911514 4.56831601488 3901.98130362 
-0.000495597804946 -0.973150037855 5.01627065854 2651.14965213 
0.0993912215889 -1.22450340021 2.99367116334 1416.66450719 
-0.00190038278133 -1.05539836375 4.70487355718 3416.82927828 
-0.325964397066 -2.10829675359 2.14047958152 1603.55221964 
0.00683427238207 -1.16664800891 6.16889037552 1144.79159293 
-0.0500685618231 -1.04374210303 4.14563865231 4055.55850859 
-0.0100272701345 -1.09285192262 4.73376436767 3619.59805075 
0.0159782938124 -1.05440493669 5.02498845244 3303.84835303 
-0.115954403733 -1.27554488832 3.26927046201 446.110331079 
-0.274376652957 -1.97089736057 3.19141966826 787.50003293 
0.0338459941438 -1.01211382176 4.01020587149 2703.95726173 
0.0294678203567 -0.845981159353 2.76617856475 3420.70427157 
-0.00788766187915 -1.03214313175 4.75747248844 3158.2289767 
-0.0156225887228 -1.01696020578 4.1041986858 3700.71966476 
-0.0102915522765 -1.04980806611 4.81103949183 2903.60282141 
0.112996842588 -0.448683566278 4.96639602408 14.7911512606 
0.00172749452605 -0.885146964471 4.26719637251 2179.74532452 
0.0664310492731 -0.966106254725 3.36877179663 1217.9345099 
-0.0173048562649 -1.0993925264 3.26019839522 726.04982118 
0.0167354723967 -0.989028695063 4.97791696286 3004.28910313 
-0.0363210154121 -1.0692219131 4.33261068504 3899.95762968 
0.0390947648091 -0.892429836572 3.94950216694 2116.22201025 
-0.0075372027077 -1.05898578132 4.72183700128 2738.29912035 
0.0631800696695 -0.731268684784 2.50331184648 3657.20345412 
0.0627816169341 -0.93937143876 3.43652939703 2991.82618128 
0.0443152651639 -0.906187208491 2.9239181234 3000.50127639 
0.0833718405032 -0.955945948767 3.01764151284 2547.97836865 
-0.144667959159 -1.67139489193 2.27724150334 1675.97337641 
-0.00191577503096 -1.01246188264 5.78883999109 1408.22676322 
0.00350128193524 -1.06829050027 4.84203477129 3560.55611951 
0.0500775632244 -1.0573766546 3.78017748404 1598.33468335 
0.0677647597094 -0.943268154651 2.74294969103 2148.18913488 
0.0253414486367 -0.892405415073 4.06061526382 2200.13908979 
0.0595565692642 -0.751843292825 2.50209459179 3725.2031201 
-0.019918121183 -1.01263099182 5.21286431138 2096.25651431 
0.0948176538235 -1.10173162512 3.16369175391 1353.59995734 
0.0787792523644 -1.16258985258 3.11581920743 1280.0770286 
0.0120938363154 -0.994996244135 5.0439367787 2910.77749283 
0.00230427543769 -0.983532817732 5.46639678285 1711.90748214 
-0.00801542283471 -0.982221965377 5.08707836733 2548.75963955 
-0.00445405145268 -0.968956574745 5.15532841224 2372.78466256 
0.00810473718036 -1.0629904671 6.19508185421 800.3293742 
-0.0173015106694 -0.987767024665 5.03632280398 2524.13397765 
-0.00186815306223 -0.845930320221 5.68181982089 486.875253795 
-0.00508317326368 -1.00543840762 5.00764494203 2837.6049903 
-0.00934811998887 -0.595015770714 5.22917021957 74.7670589209 
0.00236514750151 -1.11684832195 4.93404955552 3735.19169319 
-0.00741516129485 -0.9764144105 5.12547616909 2442.78520752 
0.0347813088213 -0.881402879498 2.85166644312 3173.91045342 
0.0631907273425 -0.906448805851 2.9942534034 2518.85313371 
0.0291635539414 -0.770578057148 2.68950430341 3994.64936013 
-0.0112883393027 -1.00830666742 4.70004963181 3016.23412312 
0.066548387861 -0.932734547654 3.81361493952 2646.93901811 
0.0071271157069 -1.00418072992 4.96582478871 2994.76587679 
0.158146082063 -1.79904523925 1.15032665748 1173.79865713 
-0.00533707627166 -0.813932260296 2.94945733944 4178.25285435 
-0.0116738616147 -1.29710580971 2.97880178572 1281.10963427 
0.10838354834 -1.21962452207 2.94307462708 1509.29267391 
-0.00903630746071 -0.963301565139 5.12115311264 2317.31517268 
0.0961205579738 -0.932966709296 3.53976257797 1845.42904561 
-0.0357213391202 -0.900249495133 3.44275152322 4187.80169771 
-0.0127453136507 -1.04428564479 4.88154871617 2818.34533717 
0.0340420715025 -0.976571147972 3.76762458279 3101.55588164 
0.000674581209144 -0.923701296163 5.39787563721 1681.40590675 
-0.0259579844904 -1.11019271985 4.59949791396 4018.10481844 
-0.0467820994826 -1.3323873739 2.22038357198 1840.63579774 
-0.00901031313329 -0.877255459223 3.14704865452 3859.55325402 
0.124796732057 -0.961427899134 3.31332116399 2145.48462635 
0.0124495814554 -1.1924911284 6.45653660456 853.364123519 
0.00339390376159 -0.980216660163 3.85868120433 3746.17928009 
0.031254419116 -1.30019561975 2.58894905352 1764.65279482 
0.0399188220642 -1.13373574343 3.15165132762 1432.24783908 
0.034057636075 -1.11004039049 5.11731250529 703.140652181 
0.0847484686195 -0.93445226326 3.64543158244 2600.33315657 
0.012776557911 -0.96938250364 5.05495411933 2761.33022839 
-0.0126907093463 -0.961924825303 5.13985890132 1569.46867623 
0.0605608512096 -1.24761479031 4.09837818707 800.891141326 
2.17077272646 9.8592715689 0.919691214506 945.278855021 
0.00597264070094 -0.989041489992 5.56703241248 1477.7749228 
-0.010214352629 -1.01859136169 4.97816941813 2753.24631064 
0.0527463908847 -1.14062580422 4.44076631092 1253.74025531 
-0.00122005222971 -1.10260974078 5.83647218551 1420.0141305 
0.108234439903 -1.00885886427 2.96309546067 2175.08800481 
0.00248940495457 -0.999041765578 4.08067789853 3515.03079533 
-0.00114994057507 -1.02250819889 6.00164985923 1018.92597879 
0.00366493362603 -1.09916756568 4.88512582096 3748.46335404 
0.00520690424243 -1.05398750515 4.97768563449 3237.10770816 
0.0678323869999 -0.958256656013 2.90237246568 2131.14279257 
0.0678090198708 -0.871573960987 2.74462091857 2509.82535804 
0.0391517441698 -0.999738821886 3.89121343395 2720.64870293 
0.0109220262648 -0.870949741889 5.05209631224 2178.36466787 
0.0114525055407 -1.09125522814 4.9662045815 3625.38173547 
-0.0534097696498 -0.982832819427 3.82545777208 4120.27478206 
0.0487232699264 -0.926659259178 3.33689888767 2864.560888 
0.0170859281832 -1.04365528587 5.02974179515 3245.82962168 
-0.00735441620494 -1.03388822078 4.72550764181 3195.18832698 
-0.00944177042194 -1.00619636551 4.97867956225 2826.3611672 
0.0627656443657 -0.939192265122 3.4301708666 2991.02075193 
0.0349005761568 -1.0722158981 4.20626834028 1825.41077025 
0.056316425961 -0.886353938605 3.77406036169 1833.30723998 
0.0418585984029 -1.21076099541 3.84875947442 964.167344368 
-0.00182017141041 -1.0037492261 5.40529987954 740.890417981 
-0.00558222062241 -0.999870091568 5.02200982906 2784.05388515 
-0.0264969602789 -0.848405882542 5.25673131253 81.593051168 
-0.0138805016745 -1.46165117771 2.54221947982 1664.3193531 
-0.00639938246628 -0.978988109408 4.5091656005 2929.05684377 
-0.0112496617003 -0.971416200648 5.13672322093 2293.63671964 
0.0610191129681 -0.934990386456 3.21132467842 2520.10241355 
-0.0356920097653 -1.05543169152 4.24989525041 4098.14298993 
0.00736035274462 -0.856242766339 5.43986347246 408.294929422 
0.365015865249 -0.904416020093 1.25911336518 1405.4542427 
-0.0173685103931 -0.988341037744 5.02876137646 2540.44762237 
0.0373625623292 -0.891725262364 3.23171904475 3159.85898324 
-0.0169771370692 -0.836329015441 3.12478318829 4182.66922478 
-0.00606594968439 -0.882017514441 4.88642568201 732.257621203 
0.026243500109 -0.894347227074 3.56560453305 380.103210752 
-0.00402738700264 -0.996143583478 5.77888297337 1340.2618132 
0.00750052721083 -0.825655745241 4.54536888927 860.816625686 
0.0960067342499 -0.724169243556 2.31216333987 3422.9965043 
-0.00821894311675 -0.980976984183 5.05560369801 2518.54063486 
-0.0103125762131 -0.933792522757 4.44898030112 2546.67256805 
0.0787070273083 -0.940342418303 3.35132154265 2801.64263964 
0.00776479452858 -0.923481136169 5.15016262494 2255.03614984 
0.180022788862 -1.47635438788 1.23226443457 1267.84904345 
0.0376133303624 -0.823272754076 3.86679642166 1475.25407107 
-0.00432780741025 -0.975201052326 5.30886242241 1300.35008515 
-0.0136121762415 -0.978273632879 5.19848641655 1704.87369594 
0.0219812662865 -0.917848739938 5.01353737238 2614.76504634 
0.00329070100961 -1.08129520596 5.0804583386 1456.91334024 
0.00521328102888 -1.0922787624 6.1732858872 1079.80920462 
-0.263260295649 -2.21744431716 2.87147227511 1051.81156089 
-0.0260290623716 -0.965507921548 4.88430819688 2349.80219769 
0.113276168272 -1.01355615009 2.98013012626 2132.04508445 
-0.00798875020908 -1.04662757619 5.5965485251 1688.87417045 
-0.00393088596494 -1.05485937946 5.70121289748 1642.25551 
0.00244902409164 -0.998678142549 5.48492111471 1346.6305585 
-0.00863854599846 -1.0867042876 4.6353460074 3911.27246645 
-0.0198928420777 -0.946072348505 3.67039748627 4006.87207825 
-0.0313849239096 -0.872400825208 3.24452750189 4188.9207936 
-0.00480839281844 -0.965182566321 5.15570879884 382.254082445 
0.0945385807293 -0.894852786556 2.12450418614 2135.51395025 
0.00591689826859 -1.09551305515 4.90629785552 3708.86384478 
-0.656162160672 -3.07833655432 2.24279170665 1493.74384617 
0.000754274904846 -0.905666585955 5.13340044063 2125.08742019 
0.0295510575745 -0.854369269307 3.09843448589 3373.94226027 
0.0385925146156 -0.882886749416 3.17919305641 3146.78515624 
0.0487418565451 -0.80023812985 3.87482593107 516.100965481 
-0.0176415522275 -0.973463648981 4.64685909075 2757.18715071 
0.0139687166241 -0.955113477097 5.57139878416 862.685981535 
-0.0197412936303 -1.04788476289 5.15859079304 1887.96657753 
0.0541940561009 -0.940185104132 3.47042102555 3087.37065065 
-0.0235950179396 -1.11898211464 4.67094746901 3914.42527954 
0.0158290484121 -0.979399748491 3.96141941382 3408.17574008 
-0.0130002605531 -1.07709923652 4.51436827312 3970.20663889 
0.0125634411934 -0.895195833121 5.00771492669 2402.58679326 
-0.0449449817613 -1.2906007925 4.56483851093 114.90701436 
0.304328797469 -5.69169487803 0.852787947164 903.968827079 
-0.0336500557323 -1.09884733471 4.49428732539 4040.13299083 
-0.00843656500611 -0.962434010681 5.74126826257 1181.36465169 
0.00575855794245 -0.967059764159 4.34796380749 2941.28794124 
0.0339526233585 -0.862784092035 2.77423892129 3251.90282435 
0.0515934956387 -0.822431476594 3.64216350415 987.83250415 
-0.0257084149709 -0.963635387616 4.80467158702 2460.39265258 
0.0410903862781 -0.956175842068 3.86904745591 3126.49668672 
-0.0666554065349 -1.44750097694 2.65571940991 1388.96627916 
-0.0397751501676 -1.63384209091 2.59249654589 1539.78015037 
0.0130190607472 -0.869345329869 5.45045482282 517.046112649 
0.0230061614319 -0.923520428004 3.4590976331 528.111041595 
0.0104386640237 -0.980978547993 3.92741793768 3481.81029067 
0.0113739534727 -1.14838700492 2.30636316659 2005.41500837 
-0.00059617356566 -0.990010968287 5.41198086996 1305.73598148 
0.0438979217914 -1.12364818534 4.41802663748 1425.80976361 
-0.00807720682634 -1.03156952107 4.77295025033 3142.77015438 
-0.0239979026429 -1.03264288547 4.15550012744 4057.42451088 
0.107566545262 -0.706582311979 2.26293169543 3219.67120029 
-0.0169741396245 -1.05492360276 4.39038978062 3674.0601484 
0.0288873634495 -0.971402254683 3.75331524705 3252.6783099 
0.118169420762 -0.736496246275 2.18216785582 3062.64511748 
-0.00605844068474 -1.01561316294 4.96934419887 2923.11312154 
0.00517136741214 -1.11192344342 4.95367655808 3696.86675592 
-0.0126818840483 -1.0535975085 4.82893641935 2744.80306843 
0.0717740619128 -0.933109113626 3.76726465204 2641.27566641 
0.0443226965552 -0.809764479512 2.83627650045 3252.90229294 
-0.012635584756 -0.988857673691 5.76062131621 356.070111619 
0.0606267238836 -0.934578547775 2.8587435768 2692.06584022 
-0.0030740303569 -0.92619125666 5.24290001107 1988.20443485 
-0.0192193779997 -1.01390287781 5.25544248556 2020.18636854 
-0.2210019366 -1.83396147379 2.30771037469 1438.31089094 
-0.0108735619917 -0.901017479887 4.86248977517 1429.67880848 
0.0661579197246 -0.905644976012 3.75921628297 2006.34373887 
-9.42768421007e-05 -1.0837731766 5.04478866039 1585.8495198 
0.021894961193 -0.813244499251 2.76009557143 3788.80839226 
-0.00259589013237 -0.946338713926 5.55897636935 1453.52635323 
-0.0152314834914 -1.02479064374 6.20292839849 175.032180269 
-0.0433622647422 -1.04976206029 4.19602077875 4104.1039419 
-0.0256016847429 -0.974410211498 3.76956727451 3841.43816242 
0.00314112342039 -0.965168548557 5.68512133234 1187.07330234 
-0.00406108487791 -1.05132517787 4.72903054646 3232.17687485 
-0.00697505320044 -0.941387556426 5.14302876155 1224.34214253 
0.00326155893849 -1.07741739861 4.94029384559 3399.68726268 
0.021553773497 -1.45274011102 4.08134458722 477.994452106 
0.0459413848229 -1.02337381828 3.88595439098 2108.01337718 
-0.0529101676649 -0.970750682373 3.76402874552 4133.43162725 
-0.0146710537032 -0.902406932638 3.3011712456 3849.29096976 
-0.00751279040996 -0.915763055762 5.02108879228 1187.67742246 
-0.0335550848429 -1.10509190492 4.53076427148 3983.54905545 
0.102188096688 -0.955521777459 3.4293453214 1659.3941837 
0.0183568271552 -0.906182266998 4.98442089157 2553.62748666 
0.052401699946 -0.825380554209 2.82821792428 3027.90197925 
0.00782698524375 -0.870265422065 5.09425357204 2070.40324985 
0.000124983357916 -1.01901711692 4.94590861346 3000.48507163 
-0.0531041158872 -1.77821887088 2.6978199714 1387.07790828 
-0.0122710488923 -0.939050004701 5.04191947497 1484.73901195 
0.0190303456133 -0.953912991889 5.03840341034 2756.38676829 
-0.0060287556001 -0.969675144245 4.4809249137 2867.23852197 
-0.108095717271 -1.55908867386 2.92206759034 1126.72283151 
0.0566071102379 -0.94291431968 3.83501137576 2886.78399485 
0.0102029939034 -1.02337854956 4.20971825026 3508.21344938 
-0.0359241793024 -0.996000592316 3.89745246247 3908.86199507 
0.00915566567548 -0.996588852556 6.07539671286 576.326934379 
0.0184194339395 -0.884155661207 5.01085175668 2392.9053334 
-0.0185297325578 -0.984794258264 4.71970873678 2793.58326622 
0.0548425277925 -0.85622943998 3.62381971712 1274.48315419 
0.00287137333399 -0.889253341682 5.24879757503 1829.94863303 
0.00460940524608 -0.984933040422 3.93208439149 3540.900268 
0.0390336486468 -1.06262125379 4.09840258997 1811.90699434 
0.0223597844697 -1.01827146191 4.14073473797 3050.48472562 
0.00206716043572 -0.971090317456 5.40653434936 1040.53284968 
0.0358095420437 -0.981494830429 3.33738873105 935.901394865 
0.000571393145031 -0.973503456328 5.38472001905 1107.12789749 
-0.0193182185907 -0.95766865316 5.02909324745 1844.69901637 
-0.00434028750464 -1.06521807459 4.54950558514 3802.8560591 
0.046159203077 -1.09835735049 4.07741256147 1444.42103201 
-0.00819150503851 -0.984775528309 4.548995288 2946.88748889 
-0.01690096988 -0.950143037909 3.69082310486 3978.10507046 
0.0312757459316 -0.957957517819 3.7395929145 3312.10362941 
0.00986628742878 -1.04330311968 4.93235125548 3331.19792461 
0.0534652096318 -0.774225334997 2.53321193983 3640.13226785 
-0.0351262040929 -1.09892358391 4.49285759274 3961.93139391 
0.0559158634637 -0.930498413864 3.22720897318 2998.83845925 
0.0522102914803 -0.935922413595 3.38034871861 3091.32842978 
0.0572216142163 -0.91525930221 3.44766772137 1135.13247209 
-0.000539990879823 -1.06346057833 5.68993122194 955.433765747 
0.00228589914216 -0.977283577687 3.84175976766 3582.86704869 
-0.0020166557295 -0.867785335516 5.73102723716 513.57614925 
-0.00606908243358 -1.03925672363 4.84840222801 3153.27552862 
-0.0236995871788 -0.933334053383 4.74285854172 2180.23546353 
0.0726826376503 -1.21704475052 4.5862785867 525.133118128 
-0.0367390515465 -0.945799969896 3.66806384886 4137.49427406 
0.00655727451705 -1.04281733914 6.13977567554 800.246267243 
0.00845913193491 -1.17739086101 6.27607500082 929.099986739 
0.0266404423723 -0.853135283397 2.81081806535 3424.9194168 
0.0136650752981 -0.904562637902 4.99790470906 2479.00050056 
0.0105567493467 -0.871150126073 5.08934477537 2105.20801731 
0.0194987830397 -0.81155186678 2.96050419615 3701.04908297 
-0.000748454484359 -1.06174352933 4.73847802177 3531.52504615 
0.0576987646574 -1.00415637561 3.62069630574 2092.07815674 
-0.0085666377806 -1.02933920092 4.7963056175 3109.51741597 
0.0532663811163 -1.2125544155 4.76487941726 358.94598726 
-0.170175441093 -1.66665221308 2.09685709117 1697.54467022 
0.0126413917729 -0.918333385674 4.20776727022 2486.88665835 
0.0142644592399 -1.01321990412 4.1143596603 3457.64918507 
-0.00518868650062 -0.860361011732 4.70234787122 1275.48825307 
0.0235793109019 -0.968838650389 4.9870304751 2944.48693061 
-0.0074764549776 -0.969618449272 5.24257226063 1389.63672158 
-0.347197643467 -2.33503502434 1.57135690688 1450.2693884 
0.00190816111138 -1.01066740233 4.34304585135 3346.24244395 
0.0115476021477 -0.851587605704 5.42779625047 456.741825174 
0.0626946921844 -0.825432321673 2.44901620423 3051.17761959 
0.00358363846091 -0.845689618961 5.54865032932 264.42275937 
0.00213302645801 -1.04454862244 5.30959586442 1077.64387358 
-0.00406821766429 -0.903798382293 4.34327855048 2323.38234135 
-0.0160913585231 -0.899210359919 4.72256361882 1772.74063051 
-0.00856022788365 -0.776710547116 4.86771435266 140.532498834 
0.05882530414 -0.734616852586 2.52760510437 3704.877551 
-0.00327606782018 -1.06363782447 4.56247263434 3761.64330352 
-0.0183434343686 -1.09399711229 4.56925532603 4012.71689208 
-0.443800405633 -2.4819273867 2.21964927296 1543.84624256 
-0.000586492473499 -0.954948030589 5.74404872512 1018.39965528 
0.278020276172 -0.987633998392 1.38910761884 1544.50517364 
0.0032020345555 -0.9413288983 5.23414613058 2119.57372853 
0.0185544048016 -1.00821465415 4.97934994116 3136.72686538 
1.94586120921 3.44773805382 2.19394698182 1353.11414567 
0.100800962532 -1.08864648251 2.82681808244 1958.99034872 
0.0487887160489 -1.10187251866 3.025144977 1593.61060049 
-0.00610394504203 -1.0002188336 5.50637416362 1790.90469178 
-0.00501310533397 -1.02892961618 4.57358751577 3282.91715809 
0.00996414801891 -0.9689396273 5.06280264941 2719.80635329 
-0.0208521525295 -0.919170842452 4.74641608977 1987.02754114 
0.00324805697547 -0.90971372484 5.45296682686 528.888958353 
0.03491702652 -0.779959808012 4.10451017188 800.307488581 
0.0362748889547 -1.04341298324 2.20247357266 2129.03781268 
0.0679954902702 -0.928173530405 3.81469214048 2526.13341326 
0.0728305308182 -1.11132314055 1.73718333415 1790.00460626 
-0.00697524630051 -0.966005543606 5.35208247098 1926.67532008 
0.0585273285216 -1.14734766175 4.72012787311 1003.63844491 
-0.0335791225185 -0.879399532737 3.27999075921 4182.76201073 
0.00943621303905 -0.869998302613 5.07144098702 2124.85728927 
0.281653997158 -0.779282305166 1.48889506809 1742.83607955 
-0.0264917987372 -0.99918580234 3.93364451946 3822.95430643 
-0.00786739639006 -0.972650978102 5.7567004715 1238.72512063 
0.0661417959335 -1.23155418194 4.61200115333 434.757594616 
0.0677985036388 -0.967483669677 3.12434940358 2163.06589892 
0.00719364727414 -1.16521953103 6.18616660009 1254.0164197 
0.0552308203145 -1.17887500301 4.0438884584 1026.10147968 
0.0471579213651 -0.848203531657 3.76926910146 1523.80740314 
-0.0421013644064 -1.06460995463 4.28072418494 3958.40782879 
0.0102750487871 -1.45000875821 2.96507809241 1186.1766395 
-0.00602928575169 -1.06936303173 4.7544811578 3432.65853645 
-0.00462842294395 -0.861037678057 4.37142781786 1902.76447395 
0.276991642601 -0.746835492594 1.55031501526 1870.78505999 
0.0369383253636 -0.947885529117 3.5969616915 3271.32512579 
-0.772321326216 -3.2507286408 1.73742117666 1478.82030359 
0.0364019618717 -1.07184160019 4.18006839679 1796.6760343 
0.171902552869 -0.880738059349 1.74018482195 1954.10291159 
0.00397684555884 -0.811543415599 5.60174075969 425.955182502 
-0.00108967046932 -0.938388872757 5.4927533685 1552.30011439 
-0.64694523578 -4.40452493371 1.16480009642 1131.26564942 
0.0183076222837 -0.778778230577 2.8187344966 3968.74362931 
0.0871655695207 -0.937287598333 3.57112704571 2654.86931856 
0.0110927320803 -0.982145492284 5.58023502198 1062.90678531 
0.0681491004572 -1.18108488443 4.75277597661 590.76830165 
-0.00125865888753 -1.01381063665 4.09092724952 3818.72400899 
-0.0440346218954 -1.07441457895 4.32275121503 4045.6873223 
0.0946349339173 -0.940158347363 3.46406471383 2605.78455955 
0.103360250934 -2.85144862761 1.00591343339 1025.81054696 
0.0124154055758 -0.934975838958 4.99256067956 2636.70235035 
0.023759783552 -0.931022385564 3.51442858105 3398.46829231 
-0.0489029255866 -0.969433345845 3.74683395629 4072.66568107 
0.0690576894539 -0.863566467776 2.69956999451 2517.72177911 
0.114373488841 -0.704283944356 2.22949904867 3252.24213132 
0.038944155404 -0.954419934614 3.97381065919 3028.36536543 
0.0337503130982 -0.95167082744 3.64793209672 3300.84188633 
0.0498823809652 -0.853941675128 2.95676115715 2975.72996152 
0.21604824887 -0.693894996623 1.79274930142 2352.5552825 
0.0336167770075 -0.773292731666 4.02109418302 1053.03102379 
-0.0295230232269 -1.04958272793 5.64008647701 283.286045781 
-0.0154740971025 -1.02399504082 5.00209796254 2613.20656198 
1.2840194561 7.21798535693 0.800955496277 846.431435154 
-0.000828582029065 -1.06312889275 4.72677679379 3562.22293746 
-0.0674374040562 -1.56150874375 2.99005942654 1042.53228534 
-0.0125403979203 -1.05734123752 4.37437726565 3968.10169551 
-0.000136921373378 -1.10146829137 4.83880458515 3804.98708134 
-0.00129171082664 -0.90923546903 5.47080400595 454.668635865 
0.0186680720734 -0.836380831932 4.07450721144 1751.72671619 
-0.000946355762426 -0.982414449196 4.44725340983 3009.53653571 
-0.0146885644631 -0.828220775917 3.03802444854 4213.77795911 
0.119998625261 -1.05026831947 2.9537304215 1972.75375991 
-0.0181178103637 -1.02951317998 5.01406648859 2529.4177863 
0.057948298624 -0.931232349485 2.81333382466 2694.42179027 
0.268220193975 -0.760969632228 1.56395544654 1877.85460599 
0.0145284431444 -1.07057886556 4.96873542188 3516.050219 
-0.0444813772082 -0.9148798001 3.4731473723 4174.08849335 
-0.0108981262876 -1.10352417257 4.69970513297 3944.56545025 
0.0764587082979 -0.963267585392 2.89097269985 2492.77705361 
0.0156772784377 -0.982570264495 4.17104012209 3235.11593671 
-0.121976036851 -1.46933734439 4.4078101825 95.3096780695 
-0.00241650653035 -0.96953081372 5.3220136445 1180.49530208 
0.000365922326328 -0.974512638194 5.08467648836 2614.24729745 
0.00603925465983 -0.919159843554 5.45784342461 604.025104739 
5.28160754454e-05 -1.01562440861 6.01730647268 928.319957329 
0.0672398415058 -0.941836955783 3.64451699861 2909.4493682 
-0.168142564774 -2.12644236411 2.75840072791 1228.44922596 
0.0160001375068 -0.965635193459 4.98107323051 2857.99332556 
0.0374636356816 -0.754505919503 2.64968383038 3922.41113452 
0.0665869283635 -0.986170351372 2.03000888051 2121.35605979 
0.006735028083 -0.918961270693 5.19336412899 2122.81579519 
0.00307716094777 -0.997670519779 4.38931952867 3191.32480962 
0.12401357247 -0.869166117547 1.91920414541 2202.59169015 
-0.985383151008 -3.10393511786 3.19083184966 321.214280558 
0.208117086611 -0.860783059001 1.64635215233 1886.70592318 
-0.00109043280046 -0.837596662984 4.58402539289 1246.21570215 
-0.00365213231803 -1.04983773048 5.27184963174 1302.82735273 
-0.031519743851 -1.06056741256 5.72083910922 253.074820867 
0.0479395963736 -1.33733272424 4.36489574473 375.344640621 
0.116885543448 -1.1299876285 3.07283073256 1488.61368282 
0.0714627681798 -0.917134659929 2.49043476241 2171.41380243 
0.0106465369126 -0.876549630307 3.27394137773 3658.71380391 
0.0792826379081 -0.940946432134 3.27345563827 2768.62663081 
0.033135199131 -0.925758078246 3.44276131575 3216.14969838 
-0.00767014918158 -1.04770503933 6.00614457367 389.838636431 
0.0189827041924 -0.905780414996 5.03103956548 2490.38455034 
0.00731138602615 -0.980115869182 5.6267349306 1324.38907917 
0.0424340397422 -0.77244846137 3.92438826232 906.815372963 
0.0199523427777 -0.873312777894 4.59582779555 410.457478274 
-0.0233963537205 -0.931688871205 4.75147319057 2142.23505083 
-0.319087999827 -1.83283266265 3.09259979017 628.259572349 
0.0825003203752 -0.738617728928 2.41988416976 3136.78391854 
-0.00843000381182 -1.07485595394 4.55591225286 3903.31049246 
-0.0497473385336 -1.02518221104 4.04656635602 4026.75600501 
0.0871527805952 -0.936352509964 3.5938642896 2630.61474768 
0.0738312085877 -0.738591846789 2.47332166819 3278.12531358 
0.00993415015323 -0.88027300114 5.12139891947 2086.49679884 
0.0054744836145 -0.988002675991 5.55616879156 1509.75815064 
-0.0328408629175 -1.02530072132 4.08624686156 3859.2562203 
-0.034037937441 -1.04046382602 4.17203449444 4100.27595894 
0.0114817062857 -0.969592574576 5.65651503346 1083.48778446 
-0.0187489962159 -0.968786274591 4.64679792788 2712.11064038 
0.0403770067912 -0.937560211242 4.02158857133 2741.98025582 
0.0104675067164 -0.879298562931 5.11186260508 2104.61839967 
-0.0163713780447 -0.988055076569 5.04082697497 2535.48860303 
-0.00073871695199 -1.05138930643 4.82417655285 3333.31383196 
0.0464976650123 -1.09620118324 3.63403810473 1340.34551868 
0.00617451551096 -0.800841007074 2.94246715657 4009.97427868 
-0.0504427593958 -1.0323743028 4.08804704213 4100.80956716 
0.0144106135806 -1.18916531288 2.61966439491 1626.43732827 
-0.0184391983029 -1.00544529296 4.00171290874 3743.57816888 
-0.0242088301238 -0.941781894577 4.70950257602 2342.33946476 
0.00878985838616 -0.820312710385 4.22925990224 1600.46599206 
0.00846095819275 -0.972788029232 5.51391004363 962.40170181 
0.0418288054041 -0.753795965372 2.6136130397 3909.89197122 
0.0142383935172 -1.01745155052 4.9658290948 3166.22602838 
0.06737986229 -0.928154842682 3.81927064488 2528.56010157 
-0.0411439024998 -1.05141197603 4.211083513 4104.3438343 
-0.0113796074355 -0.981615704288 5.09155333852 2413.28287503 
0.049371247044 -0.917207644409 3.27453855209 2863.14153428 
0.0426873687961 -0.891654336344 3.46438319995 806.749292514 
-0.00269924157733 -1.01743348442 5.95733476388 1089.35330123 
0.171116158607 -1.24802275132 1.44238128174 1532.39130348 
-0.00212424034405 -0.918760640425 5.20743529275 2026.90557989 
0.00731218481432 -1.14601123509 6.19476377403 1277.99501796 
0.0118649593132 -0.986617919287 4.0298757183 3423.47360673 
0.035663015024 -1.1447204842 3.21319192038 1361.30518434 
0.0092132634551 -0.907103669029 5.01873333488 2415.96549557 
-0.011473048847 -0.990251356791 3.91835919943 3937.75601673 
0.0632645398596 -0.776689830895 2.47024073372 3471.43469784 
0.090697734627 -0.936731071598 3.56497041166 2597.28474352 
-0.074301621688 -1.70225417774 2.91496957417 1122.92490157 
0.00300478049165 -1.03015290861 4.92402714023 3146.76028123 
-0.0131623686425 -0.862490664286 3.25550804389 4030.22383432 
0.0590377702968 -1.14716178883 4.76932865432 934.465690616 
0.00392480087461 -1.00623470406 4.27920223714 3368.38432079 
-0.0018517730258 -1.02215645736 4.40402603292 3385.18246683 
-0.0403203430152 -1.04627567057 4.18610787063 4108.17384984 
0.0569242869918 -0.932634368174 2.7530680209 2654.83772996 
0.0293482452715 -0.997709699839 3.94666392178 3092.02040373 
-0.00122878969411 -1.03011098288 4.96711980015 3050.97866696 
-0.00970834745485 -0.912803894752 3.3459392662 3767.31083075 
-0.0366870286644 -0.975332451459 3.77233915939 3939.97060698 
0.00560645271124 -0.946964558588 5.01159184831 2598.08438259 
-0.018624124863 -1.05093323646 5.15385331212 1849.73393252 
0.0808090185798 -0.940513183745 3.39991179763 2787.47676802 
0.165348461868 -0.71984284609 1.96804654581 2654.68160652 
0.0202263141267 -0.923022670894 4.98018085311 2668.67959557 
0.100403233561 -0.986537087556 2.98348795752 2305.38691888 
0.0389948535447 -0.853339300521 3.87351101729 1714.61787214 
0.00552032145049 -1.20848174996 2.38357760812 1932.30821039 
0.0063040844429 -1.08431721927 6.19907314924 961.15063562 
-0.0127824244297 -1.06623833654 5.09636851396 1768.77640946 
0.0377647693145 -1.01394102831 3.97656114736 2526.47585962 
0.0619383219217 -0.898802996649 2.35915693693 2565.86913102 
-2.15888354701 -7.24611032822 3.81450511833 317.593047961 
-0.0037976783791 -1.05016899116 4.86526986321 3225.90584721 
-0.000388493004103 -1.05374440348 4.53687356314 3609.42385663 
-0.0300871147453 -1.60878435355 2.60316754773 1542.70963286 
0.0546271558171 -0.923207311925 2.46876719206 2548.20153074 
-0.00415480698009 -0.941948467651 5.51276849302 1565.22143097 
-0.00127149400923 -1.05040995548 4.60538411688 3090.81177993 
0.10586005434 -0.937552474961 3.52178421365 2280.99470688 
-0.00910038846377 -1.01317604559 5.48533344203 1817.54331542 
-0.0318970115108 -0.895926157683 3.42344371523 4163.73800043 
0.0884857830087 -0.821725280071 2.35894663449 2464.59755925 
0.0857078554217 -0.953484879591 3.06889658722 2568.25421141 
0.0408713238374 -0.87304962104 3.11589475769 3116.81033945 
-0.014892241802 -0.984074830254 5.10359436577 2405.6328771 
-0.0151786772467 -1.1190750296 6.35692340368 174.284211618 
-0.00602187564037 -0.922757025459 5.20528348358 783.010324848 
-0.00151234061181 -1.06260727878 4.65537008979 3622.03218992 
-0.0108163363586 -1.01821567059 4.87161955973 2973.11534284 
0.0110399277816 -1.1844467653 6.42819942497 769.381230067 
-0.0099269251397 -1.06074606141 5.15804889459 1597.46918426 
-0.00157856826997 -0.956924446436 5.61564241194 1371.67242738 
0.252407662432 -0.762528490849 1.60718584765 1936.77098798 
0.0161399412796 -0.920950430188 5.59600816243 759.452836673 
0.0485835743989 -1.0460379296 3.84677419573 1746.42122891 
0.00928039930491 -1.16318870214 6.29079046375 1182.61574653 
0.00627108757596 -0.965792133778 5.68353400645 1139.47792476 
0.0122358110893 -1.21328436301 3.32680082573 1135.32808913 
-0.00198250413213 -1.04005184693 5.71851141071 1619.12682164 
0.0837223493312 -0.972692621199 2.91576974442 2427.09052177 
0.0217377225845 -0.919411427032 4.13842112434 2495.22498168 
0.138197835983 -0.860332658467 1.86414546606 2150.94479501 
0.00381518462784 -0.875680722183 5.17972575897 1905.40948909 
0.129286203521 -0.986088992135 3.17514242639 2084.92781215 
-0.00323223324632 -0.96087962298 5.55115349074 1587.85021175 
-0.0036383568815 -0.970453843854 5.12552994183 2460.35322227 
-0.0284564220656 -1.11411887834 4.60859438634 3958.32749647 
0.00122191875938 -1.00831202518 4.19369106857 3478.7907294 
0.00920832835972 -1.07343979519 4.99156070397 3384.58772898 
0.0598005174164 -0.984179736537 3.33703431822 1153.04944849 
-0.023649747625 -1.05617630202 4.30143336266 4057.48835911 
0.0312413573265 -1.10585067317 4.46812710053 1674.45791171 
0.0653446750813 -0.974989397941 3.31914221845 2211.83820713 
-0.0119179793479 -1.04089736838 4.89402349103 2847.43289081 
-0.0068657986717 -1.0551964324 4.71137491547 2865.49609381 
0.0706739923343 -0.919330291552 3.48170218592 1359.69163035 
-0.00446847508156 -0.992153232664 3.95299170588 3624.73530445 
-0.017098848903 -0.954464657213 5.39329129824 484.43227074 
0.0603885654045 -0.961871304794 3.37065659452 1160.3496844 
0.0226595927813 -1.0845470688 5.15855536198 897.138694361 
-0.00971249138248 -1.0573399664 4.39810064541 3930.67349325 
-0.00955000597324 -1.11856095808 4.78737063437 3919.43853773 
-0.0178050004747 -1.05753767265 4.39976219528 3685.07059512 
0.00430040217178 -1.03447911842 4.91861600836 3204.62335865 
-0.155935666685 -1.46530494756 4.35787383282 71.6728258183 
0.0451969923123 -0.806861180801 2.5912422918 3473.11552979 
0.0353691868077 -0.789411230511 2.81420033103 3533.23742857 
0.00335006615038 -1.05124571357 5.04935118549 230.106707853 
0.00806085620554 -0.786162708184 5.44046814652 262.297625514 
0.0301551571888 -0.80150204365 2.69232837555 3758.03454649 
0.0732812179824 -0.903017838537 2.49137904677 2217.53002902 
-0.0326026378013 -1.06465963437 4.32719388791 3857.32494902 
0.0153824908085 -0.834864025682 5.47634673859 506.45502164 
0.04092419887 -0.947403208223 3.59875962203 3230.07183554 
-0.0116304051454 -0.820463188207 3.02847583783 4203.67424201 
-0.00717319937214 -0.969730473694 3.79675331088 3880.47948862 
0.0654320790591 -0.937114534323 3.7941779296 2757.56179592 
0.0183318475272 -0.896871845946 4.98775092231 2498.13170377 
0.0106270408699 -1.020492905 4.18062510105 3520.77816434 
-0.00315374933182 -0.981900937149 5.07507663452 2632.30131448 
-0.0334558454169 -1.02419941399 4.07736808213 3865.40117284 
0.0257576423871 -0.933305971835 3.52026539304 3359.63770264 
-0.00619548145533 -0.887132424161 4.90205445586 1096.23953428 
-0.0123922647654 -1.06996590504 5.06768031258 1812.4865735 
-0.00313329573297 -1.07306012322 4.65905870552 3762.22208738 
0.0626265415269 -0.93148652741 3.84978091087 2625.522773 
0.00884915409779 -0.99151046667 5.60227040296 1300.60619975 
-0.0259665603394 -0.966541057986 4.84715172494 2430.45254548 
0.0552283251035 -0.91288723032 3.87950928491 2276.78238847 
0.0605702859902 -0.900663932919 3.02472116205 2607.41633374 
0.0872463763992 -0.979553951223 3.35728516958 1396.36573737 
0.0190200531001 -1.06451156492 5.01489628782 3430.66883323 
0.04251279424 -0.997895520819 3.8471246233 2631.79262527 
0.0137386342402 -1.08872073952 4.99926990159 3557.09255577 
0.123049732811 -1.04264991531 3.19642431188 1578.09420438 
-0.00723702451928 -0.946311449856 5.6022281741 1405.62888083 
-0.0129874476275 -0.938077992119 3.62515066791 3938.22027304 
0.0437449513609 -0.770538226061 2.59426154579 3811.23252955 
0.10344710206 -0.711166494263 2.28431476409 3186.6555927 
-0.0107965747306 -1.04534567681 4.85390962859 2904.55736479 
-0.0168152934361 -1.00101016044 5.11191764908 2350.9924566 
-0.002850332192 -1.04015094264 4.92076243554 3131.18517148 
-0.877719922786 -3.71992528841 1.55721918996 1392.14677964 
0.0632402799413 -0.898923368565 3.75482309892 1920.980599 
-0.013661738338 -0.9463002694 5.43484059227 473.18970852 
0.0102837076999 -0.988518357241 5.61094494701 1212.68695513 
0.00443996564426 -1.14261187103 6.04518066962 1118.44753697 
-0.0148023533769 -1.01500365661 6.17917925364 185.050455573 
-0.00633797491569 -0.933520641735 3.59496918001 3861.89629089 
0.897263681994 1.10994201115 0.342286370503 507.459490141 
-0.159999585813 -1.66024775727 3.02237908033 889.382732901 
-0.0131882642336 -1.05988506678 4.3882874719 3975.18671768 
0.077396006604 -0.924570471545 3.74601337214 2347.26924129 
-0.00699852813447 -0.874974334694 4.38772716912 2026.26615637 
-0.00780399472568 -1.01750873447 4.96879202178 2811.96134248 
-0.00524404922108 -0.592742402061 5.13111041733 135.86362801 
-0.00469227870962 -1.02657418047 4.56158974627 3275.31949159 
0.0410207154977 -1.0377356494 3.99779986638 2034.60818569 
0.00324441816331 -0.819613005526 4.42430682016 1354.04059053 
-0.000170342548302 -1.04998106394 4.58142310933 3062.435836 
0.0118986518802 -1.03899964638 4.36479493678 2963.34419764 
0.0224032834558 -1.10815296021 4.9523797653 1341.49305279 
-0.236993287395 -2.19126870754 2.4959712277 1460.65757849 
0.123296514125 -1.06737628528 2.95442110446 1900.08857839 
-0.0243777627783 -0.979119491884 4.91802598425 2496.88966216 
0.0212927933427 -1.04759045663 5.02443900261 3328.75288718 
0.00495423726129 -0.91074390392 5.04818354161 2344.14626102 
0.0258733537085 -0.955554174541 4.99543549919 2881.27357415 
-0.00261556874138 -1.07765124522 4.70265004075 3763.73530758 
-0.475957516347 -2.3905424853 2.97856363352 797.773152627 
-0.021930494311 -1.04607224852 5.08706665527 2143.98134167 
6.92915008737 16.3877037031 3.87647627132 258.723636289 
0.00327743786735 -0.839081196451 4.2758626531 1758.92751393 
0.103540191093 -0.823864531983 5.69636515582 28.8712291714 
0.0063904686989 -0.996649877547 3.9723585804 3696.41009859 
-0.0295544820205 -1.04007099946 4.1829037053 4085.27664499 
-0.0447824416957 -1.02655519367 4.06233207813 3970.0772365 
-0.0210837118327 -1.33138321257 1.92457744815 1705.88551456 
-0.00743262541503 -1.11577564919 4.79883007038 3902.918479 
0.0344232925304 -0.919886103382 4.0457775458 2481.03650873 
-0.0252486496238 -1.11874649793 4.65176403936 3965.09124264 
-0.309730685068 -2.04720151875 3.11631086026 822.164561915 
-0.0343542332431 -0.882148280663 3.29369050515 4179.55012588 
-0.0308756171884 -0.939488418015 3.63812673904 4101.82806247 
-0.0213964220832 -1.05032986596 5.06147034006 2169.2923809 
0.0767488012737 -0.731248978198 2.41291522218 3613.74834749 
0.00532721577185 -1.14347214502 6.16829036314 793.945170162 
0.00271983339156 -0.954398540613 5.46775748465 1659.13879533 
0.0226479280528 -1.02764286056 5.00345429012 3259.13544796 
-0.000523864929103 -1.05348415777 4.59246880787 3495.20834531 
0.00719675011017 -0.936696691707 4.28542851584 2660.91565026 
0.108743827947 -0.951942811195 3.29246832946 2429.93091276 
0.287559016303 -0.736600454949 1.52338130244 1835.94742783 
-0.0291520030698 -0.982293179993 3.85998910251 4078.40896864 
0.00973345268436 -1.07330190686 4.92301889432 3561.30199694 
-0.00921668049552 -1.04642242343 4.8307022082 2975.4943739 
0.0169107928708 -0.882664355567 3.28328709791 3548.44820406 
0.00860310962748 -1.04273787238 4.42140504039 2984.03188825 
0.00169906746944 -1.06802745192 5.91974448098 1432.40336717 
0.0470356512314 -1.06874866294 3.90730797268 1571.91909012 
-0.861777888104 -3.3799636526 2.96832946438 824.056986782 
0.0392141697755 -0.864955791784 3.08990074231 3166.10713504 
0.00358047820527 -0.939146111358 5.23229477849 2115.89083936 
-0.00393262420664 -0.808261147657 2.94218806211 4184.77095019 
0.0197983030687 -0.862080358178 4.0701486172 1955.27293841 
-0.0092632022691 -1.0253686789 4.84140596284 3049.49117792 
-0.0239001358372 -1.02104756062 5.45718621881 352.410109086 
-0.00211051460616 -0.970116851428 5.32900330655 1173.19735972 
0.0012021948256 -1.04524027626 4.95656388229 3167.39703014 
0.00787936482909 -1.16152228334 6.21729080947 1264.44580196 
-0.0127451340581 -1.01885715539 5.43192697113 1840.76747107 
0.0253123619524 -0.798430126425 4.2797046081 779.278693251 
-0.0163335213768 -1.11635682508 4.73475289008 3808.06220881 
0.00255498905013 -0.946160213131 5.43296072529 1702.29509731 
0.3726832542 -1.00387096206 1.21401890944 1337.17152971 
0.0414509830521 -0.921672451677 3.36810737223 3040.90872728 
0.0617318915425 -0.88554667174 3.55811415631 1329.66902006 
0.755817681421 1.53743081158 0.468393566647 585.689702792 
0.00322545182148 -0.930007313168 5.04006936159 2439.4951354 
0.0459258159051 -1.10628607726 2.91248866077 1636.84556704 
-0.0242999279367 -1.0900578962 4.53223761851 3800.36150266 
0.000352705073074 -1.09097022168 4.90405642942 3503.90856995 
0.0641945188235 -0.899080687989 3.74470484671 1904.24979542 
0.0614058945036 -0.999818459447 3.51689027254 2068.19870417 
0.074121150375 -0.860150891571 2.57255952824 2433.74100833 
0.00299544152028 -0.878351459736 5.18217494441 1909.82309364 
-0.00486249060022 -0.893498918322 3.21161292697 3749.32674821 
0.0200890423446 -0.790286715637 2.75105663208 3997.34164442 
-0.853036105813 -3.81173602158 1.47479840393 1346.24310253 
-0.0161430461979 -1.0454376535 5.23572638224 1682.48265978 
-0.00596919171063 -1.08552584583 4.79017656837 3523.78292694 
0.00248175516501 -1.04581896346 4.88109240193 3299.62726398 
-0.0133502319195 -0.989253937104 5.23648547299 2035.42248405 
0.00229312235541 -0.966329529026 5.40991589792 1809.73218378 
-0.00638633498226 -1.04423153038 4.6853116885 3303.42277458 
0.0493487675475 -0.749002413126 2.56653575369 3851.21098896 
-0.00255469928036 -0.999656966105 5.42635565032 1686.83777024 
0.0487862724893 -0.743119048881 2.58944287837 3787.00894787 
0.0292726970208 -0.916299423438 3.21814036836 3297.27659243 
0.00561075718137 -0.981543111341 3.9009061612 3538.72446812 
0.443672484267 -2.32017625503 0.914578970789 965.804053552 
0.00694460423958 -1.03002663142 4.2707691933 3566.73469913 
-0.00292440595114 -0.908850975397 5.39237558307 1624.50752247 
0.0186688055777 -0.97099639761 3.85617287655 3415.98999901 
-0.0494300440524 -4.25403599812 0.949232311786 968.45651041 
0.0206714915625 -1.05138356955 4.31323852156 2383.32361949 
-0.086744356104 -1.51580382132 4.3861858486 139.826337258 
0.0371106572309 -1.05323902121 2.11841441482 2080.69880345 
0.0253769207553 -0.793456322824 2.86844590989 3695.7656979 
0.00869240469124 -0.95900554029 5.68654105173 1036.43585611 
-0.00842581683203 -1.02770230706 4.74055339492 3136.98411734 
-0.0425646303872 -1.07857773541 4.35122846649 4001.80529648 
0.0112585557921 -0.908515563572 4.2029325903 2391.39807433 
0.00101587753515 -1.10385196832 6.11688922393 583.786001947 
0.0478107703185 -0.957261323003 3.53926780301 2813.42840218 
0.129853922411 -1.04689935139 3.16229735308 1639.89900116 
0.00848796169337 -1.1456577773 6.26691462404 1165.80528039 
0.00101050254866 -0.886078361807 5.74571731862 549.294666788 
-0.0429033872863 -0.911895380998 3.49191839643 4213.61105893 
-0.00230112505122 -1.06831244001 4.65445544896 3709.30110357 
-0.0199565561185 -1.11522156684 4.67052146632 3992.86798289 
-0.0243341760242 -0.854531581537 3.14949734407 4190.95676753 
0.299810374427 0.0267175997759 3.38336266127 9.4826767002 
0.0709444342479 -0.752641754119 2.43466009729 3566.63913102 
-0.0130422476995 -0.99792738223 4.99138480717 2721.90679561 
0.00940146688943 -0.803023846533 4.34357187503 1257.91816387 
