Test results: GP Error -- DGP Error -- Mus -- Sigmas 
0.00928843767976 0.161554261619 2.37397147354 1270.23907475 
0.00430078362533 -0.0159135647096 3.00064476838 876.075652835 
0.00640142886443 0.100277855866 2.35847782427 2480.08140822 
0.0674179435939 0.268966983574 1.06202093133 2934.3407122 
0.017983735189 0.53096140716 1.07661998834 1435.33436884 
-0.0202573886923 0.150864821102 2.11694778613 2396.78259547 
0.0258734699769 0.205184585434 1.32935518458 3450.77667656 
0.107911926627 0.0941076093519 1.63714001136 2261.92836027 
0.0195882228886 0.149258456359 1.38557483839 810.626069221 
-0.0121824939022 0.26459108727 1.70519945195 2424.68128437 
-0.00960092167396 0.403587001506 1.05766775947 215.414487839 
0.0028138049549 0.187220782814 1.98188639576 3088.03876497 
-0.341779437464 -0.595310431395 1.17430500398 1231.84212468 
-0.00447733125628 0.0366226561923 2.22304925921 3577.63849876 
-0.0220035007336 0.202144572423 2.0238868104 2374.16002763 
0.280347431157 0.297783089241 0.513848471284 1542.24611765 
0.0396819136251 0.223133855438 1.25824878611 3218.04002702 
-0.00481547190727 0.13906839327 2.1993673983 2552.77785636 
0.00013792975074 0.193959570601 1.80326235327 2515.05436962 
0.0962620122383 0.184819250022 1.00866729179 2833.37339122 
0.0287081577902 0.169194808888 1.73598358767 1854.37619958 
0.0184806031589 0.102628433549 2.29898054163 2762.75102866 
0.0644683574107 0.000883792604338 1.17977248907 1679.23156383 
0.002110657977 0.111778507737 2.31873721738 2483.97863975 
-0.00895945316936 -0.0234017632135 2.79051744322 1801.97600334 
0.097879480308 0.0274439894709 1.38597301154 1371.1152546 
0.0052977685011 0.0208523502401 2.41155739742 1352.24870558 
0.0165179699734 -0.117919242316 3.28189914758 658.159132773 
-0.028899857454 0.0756476444532 1.91815212788 3812.03625599 
0.018970017386 0.132547610163 1.83160911071 3144.60843597 
-0.00415477457804 0.053271333438 2.3172875347 1597.55795597 
-0.80813308004 -0.469316562868 0.643012901341 1437.96171755 
-6.07397045098 -7.64161720464 0.28368067096 1075.12480156 
0.0405058377307 0.129220332631 1.72503649969 3126.44697452 
0.028824471127 0.182511183593 1.66749600789 2544.53965827 
-0.0373517274974 0.135378424888 1.52473290368 4221.8269888 
0.00208740259955 0.0478699234975 2.21536912285 3757.854353 
-0.0371452829878 0.135537777249 1.52392012163 4226.20674709 
-0.0151799633994 0.161338358137 1.40757320347 4209.14594098 
0.0790351326788 -0.0147775193252 1.22541520131 1613.53765746 
0.0051820053473 0.0265712113394 2.39108362292 1372.67726931 
0.096790495364 0.283171019881 0.963985244707 3045.85501057 
-0.0210471751323 0.143009884696 2.14095679579 2344.19711932 
0.0108027621258 0.168789897704 1.60528529578 3622.93621625 
0.023670853409 0.0533658448865 2.45139087711 2727.18317529 
-0.000904223996916 -1.38629859137 7.37337276712 155.690278431 
0.059482572522 0.171156827367 1.77212481723 1078.51645416 
-0.0290431274448 0.0753950219547 1.91873410036 3813.46531999 
0.0424522102509 0.204036053433 1.65185436398 2235.1697696 
-0.0160567394436 0.0209796947643 2.4876771623 1700.38631226 
0.00593602858734 0.141987696239 1.96452867525 1867.34002002 
-0.021865241019 0.0898834535356 2.29013677989 2030.3892282 
-0.0602582842818 0.0225173582127 0.867805290336 1817.2120142 
-0.0184704148991 0.179261611874 2.09137217135 2432.26040913 
0.0755584772042 0.114268307074 1.70149640169 2673.46524892 
0.112799639708 0.294472812006 0.682504791021 1963.93794779 
-0.206206557875 0.439742533336 0.722688973567 455.751310309 
0.442946995159 0.292534187957 0.247634914404 1023.13810881 
-0.0196300924482 0.240333602906 1.96498403903 2051.27219652 
-0.00848426404865 0.106887861718 2.32472871545 2340.94919048 
0.0713961868837 0.658328885353 0.686206768198 65.9405468711 
-0.0423410346674 0.0968050500404 1.74543860055 4142.37812055 
0.000349527879391 -0.0347970380509 2.94834025837 1483.64585952 
-1.02513828581 -0.994902714792 1.47759448126 280.432380275 
0.0688880915809 0.248693208998 1.07846348992 3487.44694351 
0.0110328206634 0.19090314264 1.65145139397 3556.03331209 
-0.690537759633 -0.587401150335 0.735786726135 1515.43705265 
0.0152777400724 0.00583264339375 2.44888855888 1139.56850703 
-0.0121383686034 0.233294943268 2.02878335512 1797.16460716 
0.0644160129071 0.159534249616 1.33301834807 1800.4335508 
-0.00566395460645 0.147191122918 1.93968080482 2971.36544583 
-0.104911209377 0.452956696495 0.762663083884 600.115027332 
-0.0376731215453 0.0474105013217 2.02214116482 4036.89891229 
-0.0262464109622 0.121055855203 1.6692944567 3849.43735026 
0.0428201477192 0.161839593332 1.63160207771 2107.41384686 
0.0304167975385 0.142925552994 1.54983645697 3331.83077592 
-0.0234899660365 0.0732551584141 1.95728275775 3754.27288663 
-0.0704104854155 0.151182343537 0.698409042249 1651.02976129 
0.0506703556283 0.126204958318 1.7500081961 2901.98619511 
0.0523069600757 0.164925591726 1.13171415048 2736.30625798 
0.0040972786296 0.10020274615 2.34184555477 2536.98029625 
0.0744182142793 0.273313832419 0.935599987778 2204.42700399 
-0.0367532467019 0.112520505706 1.69097478074 3940.82330458 
0.0168574606023 0.193324001386 1.70949556285 2619.34592379 
0.0740963244428 0.114070392003 1.71970882191 2614.34330486 
0.0424246482307 0.489890986166 1.06407416135 1410.71992129 
0.024129126105 0.056048587187 2.44807083923 2709.16618642 
-0.0396708400299 0.130485562308 1.56224601017 4120.78950803 
0.00855287423627 0.191586231878 1.66160498415 3602.96657031 
0.00966800628837 0.0560316917102 2.56316630555 2111.91022585 
0.0191560581129 0.166500161367 1.80287821151 2670.72723199 
-0.192200881593 -0.303234056212 1.23215200836 1078.65248155 
4.70906977892e-05 0.35787992235 2.02938603668 241.446522114 
-0.00152273653437 0.220439256518 1.8129846303 3376.92172087 
-0.027304957319 0.0646945172126 2.02713473177 4030.299494 
-0.0133298229142 0.0818348488688 2.05427130612 3953.0700053 
0.0743489620619 0.133557236047 1.49320452608 2843.93975923 
-0.0743253358859 0.060011244926 0.999978739495 1395.04971574 
-0.023320048476 0.185724462803 2.0138699353 2568.72309506 
2.86777532984 2.89590550503 0.410258510252 1127.49601623 
0.0207567104293 0.197597105087 1.6363281064 3213.27397091 
-0.0205064224589 0.100731469875 1.95613846104 4022.2033913 
-0.0341434919212 0.036425118021 2.0673802094 3950.31423782 
-0.0515957007622 0.101089764116 1.69518187683 4140.81093202 
0.0377315432254 0.889533845121 0.346809158875 46.5146035431 
-0.00466002460936 0.0060145359747 2.91078453591 1197.91334785 
0.0516632354402 0.237195185097 1.13625988906 3614.4113209 
0.0569087487042 0.1252453658 1.69548492532 2965.35209893 
-0.0338330349627 0.0974173375103 1.82392633893 4099.16234587 
0.114035450116 0.243814086111 0.989439771108 3258.13235455 
-0.0102215285715 0.0425940558607 2.37676509967 1651.87302233 
0.0497869843759 -0.0938124768367 2.35136307514 332.577925271 
0.0021262298215 -0.830258661126 5.71514671052 201.21840065 
0.0159900772693 0.0456408711147 2.42528481923 2888.75220158 
0.0149315476118 0.0302641708598 2.79339250809 902.445269659 
0.00518970027747 0.155036833519 2.1204753039 2838.20360881 
-0.00328340749946 0.142982587906 1.99214203228 2005.9369262 
-0.12561343398 0.0824499123667 0.591666630309 1587.43063328 
-0.0210269453021 0.0556357643995 2.43336685249 1960.38280808 
0.00689274076107 0.0671894660188 2.56185805835 1977.41379837 
-0.0475655921414 0.0888324282261 1.7802104278 4012.88927938 
0.214447731275 0.251026940747 0.632835481525 1785.36752796 
-0.00325530501966 0.176570309528 1.39890787988 3974.15852519 
-0.0764095158947 -0.0575465811758 0.397537523112 1306.73861552 
-0.00828634867069 0.169780343952 1.81416987512 3898.21008708 
0.0552165306763 0.152928822563 1.01661062921 2391.74219779 
0.0157976085528 0.146833105752 1.37753795125 786.868573374 
0.0356516919441 0.205368255281 1.33932241409 3214.69215914 
0.0626769382234 0.122654168784 1.69356289975 2890.9502991 
-0.00999774364796 0.420760685309 1.41571739748 1698.37154983 
0.0199699629475 0.127968200234 1.78705873054 3288.37731561 
0.0553468470499 -0.0439955888908 2.28792973366 395.161089844 
-0.00584988546452 0.00737255345805 2.86549410135 1371.92547699 
-0.0387556814395 0.106350464031 1.70352994877 4136.895442 
-0.00625966395038 0.0926927678612 2.05506818496 3345.39201134 
0.0619275461196 0.214089491035 1.13226939398 3734.51539994 
0.162255262663 0.213478954975 0.74687355649 2027.53212501 
9.48978117779e-05 0.224486614114 1.72383727284 3496.17451767 
0.00856832588622 -0.139456147703 2.92290043976 526.966361026 
0.0759746752213 0.143036212922 1.75631119443 606.153946658 
-0.0147123786592 0.103901882942 2.32360697527 2269.32690605 
0.0340944281895 0.141894487587 1.80245975114 2746.30189821 
-0.020420562697 0.0445763014806 2.44815753259 1876.82645119 
0.0200458913037 0.0583051725516 2.45678575081 2628.71060315 
-0.00229422461901 -0.0302189389565 3.10614184121 776.145259629 
-0.0287576941157 -0.343012152184 3.95400302277 102.805398819 
-0.00396001496148 0.228593927937 1.78523858717 3244.72482671 
0.0567897496856 0.127962549389 1.65124324047 3027.08011761 
-0.010466129623 0.0273131508604 2.20773974584 3768.06090663 
0.068079062938 0.192886943407 1.25971946201 2086.13384232 
0.00804928736116 0.0936503334606 2.75425682443 614.47416774 
-0.0153142406324 0.14584589604 1.55583234485 3975.6072811 
-0.00139195516844 0.204126926087 2.16616763425 1621.8405407 
0.101129317552 0.289228676658 0.942430630227 2952.1182174 
0.00160313742781 -0.524011098367 3.20317584469 168.040623626 
-0.0086278841662 0.026083037335 2.84181088489 1221.9794188 
-0.00453955990386 0.223689225751 2.07976202651 1060.66265927 
0.0105447427138 0.429524464247 1.28786120083 1839.95195993 
-0.0205330628992 0.148490284966 2.1240831511 2380.13968573 
-0.153248445072 -0.0495284397483 1.0652654418 1224.52539641 
1.19925544712 1.3157383896 0.223710772056 956.229270479 
-0.00429947231396 0.149969400366 1.92483943439 3843.27826184 
0.0800994319014 0.285316664527 0.858530434652 2154.96553415 
0.00727935019017 0.0255268237167 2.31275677494 3538.81829524 
0.0125684627337 0.092043435004 1.22891525292 1348.51878538 
-0.00321141898609 -0.0217277943944 2.8545377852 1688.26156072 
0.00199159191918 0.22552159115 1.71510648718 3150.10200996 
-0.00806853743248 0.0501841531167 2.16212577389 3562.56489968 
0.0541960702273 0.124802669536 1.73785424252 2891.98990138 
0.00246610438781 0.323066826392 2.11611183433 312.198977394 
0.0667361833761 0.144046186986 1.19290264788 2431.76542461 
0.0440930716699 0.177036528035 1.67498299249 1450.07949386 
0.0676049425621 0.260030223727 1.08137130178 2637.38148431 
0.281701420387 0.285316632293 0.459789710843 1404.8942394 
0.0126861357101 -0.174826157303 2.96443079792 465.101198005 
-0.300448310139 -0.532294554956 1.15080633005 1283.26862308 
0.00841789485692 0.165151033804 1.60178109661 3662.56963965 
0.0325746428055 0.185402459117 1.62657097428 2773.63647872 
0.0884853773705 0.106657452604 1.6797611829 2520.52631872 
0.0171185859061 0.0644653150612 2.49754461192 2340.33567699 
-2.44588946989 -5.42657032163 3.54298618118 62.3735372036 
0.000985319105805 0.111062509664 2.31161349688 2514.69827407 
-0.0247858515425 0.149943071674 1.44568311952 4217.16019128 
0.0241514738856 0.0487212652689 2.44330249376 2823.69181448 
0.0790295574575 0.814354585112 0.43862487005 50.8679027836 
0.016775541108 -0.102249168024 3.21279096361 678.64055411 
-0.00342428617768 0.000421403772262 2.95017935758 988.155972194 
0.0072121415559 -0.5951326351 4.81330225077 276.730878501 
0.0256704766246 0.0572242001818 2.4201137968 2828.99390887 
0.0241392079024 0.0722541409704 2.30459211097 3191.56242886 
0.716738200355 1.85265298379 0.0857332129274 756.924621006 
0.0130557100297 0.0625528962004 2.41586873724 2718.54004215 
0.0339241069625 0.223420439373 1.2490193838 3411.40951325 
0.031435369289 0.186201342 1.44641375198 3252.76942098 
2.39147183488 2.39095487012 0.443605055487 1158.96144565 
-0.000688361732167 0.147037416693 2.44134783395 1394.91075235 
-0.0107627614687 0.178704614233 2.03723877499 2698.41544012 
0.0556496422796 0.138071080472 1.48837695951 1603.66086572 
-0.00389774111058 0.0833034791654 2.66770583925 1193.77526839 
-0.000280001476268 -0.0293162787182 2.93256201926 1491.47530254 
0.0523007939048 0.167282623856 1.54788176554 2330.53988057 
-0.00162194302987 0.176651365333 1.40949942264 3915.50947267 
-0.00855162991598 0.0262177859532 2.83496346822 1256.14731566 
-0.00592249590985 0.0952212564577 2.25558550187 2837.15825713 
-0.00642997221439 0.173681661576 1.384430008 4095.99110526 
0.0363362876309 0.149552491056 1.88329863452 1396.61776394 
0.0154206035453 0.153438066672 1.83916135343 2826.53136758 
-0.0194060267829 0.0691064757643 2.05736161268 3988.36333917 
0.00992224806054 0.060408985121 2.55686358553 2092.41160186 
-0.00679556957602 0.121592975136 2.01115301272 3127.56292582 
0.103779308748 0.132654020963 1.48298940043 1577.00594328 
0.00262198521206 0.19717452753 1.88742279054 3461.80610156 
-0.00371373493744 0.00259316376594 2.82290002161 1594.74436871 
0.052729195528 0.17914830748 1.48245661046 2619.66032129 
0.00323989073876 0.146325577513 2.16213281359 2726.22363307 
-0.0204832367421 0.0567882046166 2.444433022 1992.9632219 
0.0167371274037 0.0657219958601 2.4983973513 2322.74311176 
0.000633523588887 0.364195851909 2.00282673699 263.146294111 
0.0196089166867 0.116178610236 2.19992098883 3100.52419755 
-0.596895020598 -0.703316823622 0.990994946048 1422.54394246 
0.107772993004 0.112680901066 1.45438915581 2412.89397384 
0.00588781149194 -0.137513196028 3.39605450645 713.443428686 
0.0122884290702 0.210039947064 1.66343921231 3311.8998631 
0.0756908742969 0.279470251855 0.876109320745 2133.5479764 
0.0162800362128 0.0688870845873 2.24072743826 3513.63118352 
0.118417103623 0.0881400706966 1.59224326018 2177.84544693 
0.00611534054923 0.168516866378 1.31587326812 4089.41548764 
-0.0390021493243 0.110876551155 1.69331872129 3962.63460269 
3.1150121239 2.89136474512 1.24008778322 436.14740887 
0.0241619949198 0.476664032535 0.873209267634 840.485746582 
0.0334831575983 0.185543175521 1.60073795943 2938.79692738 
-0.0740010016764 0.131314792883 0.608899011528 1626.05976911 
-0.0331566861681 0.122927675632 1.62275565319 4130.36515924 
0.044301205643 0.126062708055 1.28455870255 1490.82663898 
0.0648538652715 0.122799772464 1.67470059188 2896.84913964 
-0.0237633702812 0.114721370805 1.8604533978 4054.82472347 
-0.00349196202649 0.0822042729027 2.42709613257 2256.64419517 
-0.0781448303021 0.115165956161 0.847034768701 1549.64416296 
0.00165591511164 0.143216181938 1.90837712771 3017.11340403 
0.0175242525574 0.0644567945799 2.4919741195 2364.38736748 
-0.000400172290487 -0.160037638229 3.47960299076 739.759753088 
0.0121810226904 -0.0128911737848 2.98195709034 977.932662638 
-0.0126648935748 0.0993877696742 2.18469846128 1894.70443758 
-0.00547626493072 -0.0317942285163 2.85002109317 1740.62310925 
0.0496562238888 0.247014392363 1.14441832722 3349.21392414 
0.0327631687423 0.183720987713 1.47009869738 3217.04728294 
0.0164562953881 0.0730745949287 2.46724436634 2380.94057375 
0.000361256194573 0.0893335718604 2.31961512111 2720.42786057 
0.00942050994453 0.128118389278 1.70319394618 3507.74575531 
0.00449883515582 0.0296444462381 2.27747613202 3659.45587285 
0.00506629915786 0.0345781758554 2.31036162807 3365.54050836 
0.0160922383039 0.185319141272 0.947339846422 1682.85607697 
0.0658911975377 0.166442929786 1.7831410124 942.090957327 
-0.0451073267796 0.0756048925113 1.85688134822 4119.9324024 
-0.00613160076415 0.0360325215422 2.2122462575 3612.30756684 
0.0454980948846 0.512769903484 1.00744849098 1305.01319507 
0.00885301660842 0.254468390482 1.6507304008 2361.28185843 
-0.0160041265951 -0.00073537174935 2.57185124065 1665.60150317 
-55.9180700944 -53.3355687777 0.613748803148 1348.66235993 
-0.00658106557894 0.0906803370442 2.04077775271 3397.58261866 
0.00143320972707 -0.0488839419424 2.67312727382 1217.56361192 
0.106737942909 0.110586312423 0.458496520279 1322.42366389 
-0.00283211824058 0.155005773632 2.23436222776 2271.2779949 
0.000481776143791 0.162108890543 2.28475493005 1211.78499672 
0.00514605274446 -0.504511515948 3.18542378152 174.376248887 
0.0914054587369 0.12895774203 1.40703127891 2567.13769456 
-0.0139237989523 0.185094610622 2.11760461869 2286.2141217 
0.0108358996403 0.11938720787 2.25819968687 2681.43573363 
0.0576425031326 0.14940983865 1.51738844518 1848.39412852 
0.0079938162122 0.142111297857 2.02606658395 3595.87780202 
-0.01918588392 0.118133399971 1.90374075784 4021.43208822 
0.0190225293615 0.0877285850788 2.21821296872 3403.65634495 
0.042959229488 0.606342675424 0.878218479914 789.817481584 
0.0354621575812 0.586673441577 0.922094892247 1118.06112103 
-0.0163290708873 0.227164608393 2.01961860638 2030.65299297 
0.0156758412935 0.170348896922 1.28454239083 3991.22638632 
0.00942646909179 0.199959518286 1.73435979571 2666.21523004 
-0.0337288279524 0.102976155878 1.77419500875 4100.27426319 
0.00553686813529 0.162548732154 1.61405777911 3708.55538759 
-0.00514510359754 -0.000636953865283 2.9556710097 1081.1675629 
-0.0163658337643 0.0754800296038 1.99179790557 3660.5312633 
-0.00528839816716 0.185904664363 1.79075174034 3829.06692695 
0.0623304923143 0.257305502672 0.913360459391 2012.01581059 
0.00708982563625 0.142886441321 2.01805867806 3619.10192713 
-0.00967026962756 0.107747173779 2.21323918882 2823.70141257 
0.00951299399363 0.135218425307 2.19327464513 2779.99330472 
0.0438040503644 0.128770403069 1.76328193284 2963.6506897 
0.058612759649 0.240518454513 0.967000667469 1965.14995558 
-0.00134731526479 0.0883891234173 2.56630907233 1658.93575044 
0.0117348852161 0.0935866004512 2.43730178925 2237.50447154 
0.0148939638292 -0.225121025802 3.59091710396 516.698179338 
0.0117997722844 0.084249899767 2.40958401435 2434.88250339 
0.0225907721556 0.0411129828059 2.37168704092 3242.79655489 
0.0374745358584 0.131007226835 1.78117335213 2995.38428752 
0.00277670339548 0.20484853685 2.19548518019 1664.50333723 
0.0429261076075 0.170585724265 1.18692972036 3140.30916673 
0.135777514246 0.0651207957086 1.47275581464 1872.85214304 
0.0100701160707 0.183377674534 1.77903236351 2337.79793844 
-0.0124673447526 0.164191338027 1.39484363526 4199.70012202 
-0.0215229816756 0.132079581305 2.17930098089 2287.74935208 
-0.00402132482575 -0.0265145688803 3.03972762283 950.137119146 
0.0216438993007 0.178873191882 1.47847768091 3438.21976559 
0.00312716901566 0.169665025503 2.30057069928 1796.97342811 
0.00491442448033 0.213591988707 1.68647394433 3526.9596412 
-0.208171895588 -0.320870521585 1.06363518193 1449.22118621 
0.0152947016814 0.205036530515 1.65332403364 3288.75310503 
-0.0099968409813 0.076624503351 2.04818170419 3531.86059903 
0.00131771194992 0.227580639279 1.71149867885 3356.83113212 
-0.00563568655231 0.0800745941015 2.63486936441 1444.26163422 
0.0436815969444 0.239370371584 1.17994147065 3362.7325626 
0.0579831754096 0.255207307712 1.48653106742 1867.94198427 
0.000801016846625 0.460630110041 1.36446587521 968.081422096 
-0.052402861746 0.0731922069661 1.83016780112 4117.71853851 
-0.0264255801334 0.041222631033 1.3082784194 1087.53234988 
0.00031951572348 0.161847219302 1.37459778749 3750.63340785 
-0.00142014089716 0.0625647161756 2.24953986797 3195.67175023 
0.00896376824152 0.0257433870177 2.32229815023 3513.59680825 
-0.0901939585036 -0.00939483187944 0.87280888615 1775.79579716 
-0.00426002731323 0.174509961517 1.88672894059 2290.20486323 
-0.00263705531498 0.041866520309 2.20797044817 3802.75721887 
-0.0490640015521 0.0576713150186 1.91903637647 4075.35559252 
0.000471862998434 -0.243252804876 3.75550758416 646.42002462 
0.00617423913774 0.179888573933 1.66138364154 3684.48970606 
-0.000149018948546 0.108117525945 2.30616864246 2563.28099637 
0.00382356950331 0.159831096397 2.29309967264 1979.98037402 
0.140897445029 0.229436158873 0.939853486244 2944.03199387 
0.0638198444753 0.313557796572 1.32776578166 1583.79384975 
0.0183608028149 0.180033002604 1.7776332973 2590.82565676 
0.00930728900576 0.107836632435 2.4123186191 2156.44068912 
0.344228824044 0.330394387962 0.405060601514 1321.33543217 
0.0177986262455 0.201289649421 1.33057192489 3642.21988085 
-0.00283919275263 -0.751489248257 5.25288961292 232.304117628 
0.0914089801473 0.267696512218 1.00209510775 3247.04410185 
-0.028946173802 0.0347158985985 2.094463182 3899.25399538 
-0.000495597804946 0.144573318264 2.17472147672 2648.422345 
0.0993912215889 -0.012227105536 1.36222542807 1413.93721835 
-0.00190038278133 0.225979776741 1.77175740984 3414.1019714 
-0.325964397066 -0.260190100941 0.86781005603 1600.82492772 
0.00683427238207 -0.184813088706 3.37340538457 1142.06430527 
-0.0500685618231 0.0585179048372 1.90975395495 4052.83119589 
-0.0100272701345 0.0464937478973 2.15670964189 3616.8707431 
0.0159782938124 0.0276474553003 2.37833360968 3301.12104804 
-0.115954403733 0.491545319869 0.730495748757 443.383053127 
-0.274376652957 -0.175083211431 1.26230670994 784.772744757 
0.0338459941438 0.183127198478 1.62805308004 2701.22995801 
0.0294678203567 0.169793411067 1.24405368873 3417.97697228 
-0.00788766187915 0.0996166197029 2.10789736898 3155.50167418 
-0.0156225887228 0.102809129556 1.82564315391 3697.9923525 
-0.0102915522765 0.21838186442 1.834511133 2900.8755161 
0.112996842588 -2.0452386209 10.4397270262 12.0638785674 
0.00172749452605 0.32898924821 1.51889200148 2177.01802935 
0.0664310492731 0.304021475008 1.19250565447 1215.20722345 
-0.0173048562649 0.473304431281 0.817918529439 723.322540879 
0.0167354723967 0.127838205299 2.18274829467 3001.56179141 
-0.0363210154121 0.0553378427288 1.97796733662 3897.2303182 
0.0390947648091 0.247698747527 1.57005315041 2113.49471595 
-0.0075372027077 0.209529232632 1.81277313892 2735.57181566 
0.0631800696695 0.230506371909 1.11264215192 3654.47615147 
0.0627816169341 0.135507559066 1.53186420477 2989.09888696 
0.0443152651639 0.162965054968 1.28393561493 2997.77398603 
0.0833718405032 0.1371248967 1.33124728409 2545.25108089 
-0.144667959159 -0.0981975722089 0.936163012759 1673.2460854 
-0.00191577503096 -0.00905209898899 2.9025350463 1405.49946716 
0.00350128193524 0.18322120584 1.91214499185 3557.82881346 
0.0500775632244 0.145987906028 1.56914256878 1595.60738707 
0.0677647597094 0.235713028767 1.07880155736 2145.4618445 
0.0253414486367 0.263974849508 1.57932065552 2197.41179481 
0.0595565692642 0.191325313743 1.15500088809 3722.47581628 
-0.019918121183 0.0769669872694 2.39072431551 2093.52922013 
0.0948176538235 0.0776868429112 1.38833830862 1350.87266872 
0.0787792523644 0.0617709021915 1.35178302092 1277.34974057 
0.0120938363154 0.0493846559317 2.40343494903 2908.05018871 
0.00230427543769 0.204684272144 2.19180207014 1709.18019726 
-0.00801542283471 0.13138175914 2.22917974865 2546.03234029 
-0.00445405145268 0.145593513001 2.23709658939 2370.05736395 
0.00810473718036 0.0539024383597 2.84109496864 797.602096129 
-0.0173015106694 0.163158451879 2.12027069562 2521.40668082 
-0.00186815306223 -0.187867154531 3.65628489292 484.14798042 
-0.00508317326368 0.0929909681637 2.26483105809 2834.87769046 
-0.00934811998887 0.601346254054 1.3069640655 72.0397866229 
0.00236514750151 0.0385605985357 2.24096814225 3732.46439072 
-0.00741516129485 0.144025698808 2.21981577285 2440.05790878 
0.0347813088213 0.167765018397 1.26142922161 3171.18315957 
0.0631907273425 0.222188565908 1.22162448138 2516.1258418 
0.0291635539414 0.184165447066 1.23925095091 3991.9220502 
-0.0112883393027 0.128138788626 2.04042093371 3013.50682217 
0.066548387861 0.118383522385 1.73957969243 2644.21171554 
0.0071271157069 0.164448473934 2.07027361277 2992.03856692 
0.158146082063 0.116460462988 0.363109201704 1171.07137437 
-0.00533707627166 0.164964256787 1.3577697224 4175.52553938 
-0.0116738616147 0.0656928149212 1.21157497385 1278.38234246 
0.10838354834 -0.011123007283 1.34068192075 1506.5653848 
-0.00903630746071 0.102521809227 2.34101745336 2314.58787239 
0.0961205579738 0.13629691009 1.58166400975 1842.70175293 
-0.0357213391202 0.127953492616 1.5799185577 4185.07438244 
-0.0127453136507 0.208958930852 1.88892659173 2815.61803248 
0.0340420715025 0.181997474552 1.55922868085 3098.8285796 
0.000674581209144 0.133262967616 2.43205050613 1678.67862062 
-0.0259579844904 0.0594388980524 2.05010129438 4015.37751291 
-0.0467820994826 0.0293933056516 0.923997095467 1837.90850489 
-0.00901031313329 0.157528478481 1.41232715838 3856.8259497 
0.124796732057 0.0859150068737 1.54410832779 2142.75733251 
0.0124495814554 -0.00255312927941 2.95235902822 850.636841004 
0.00339390376159 0.161871926017 1.63318949434 3743.45197479 
0.031254419116 0.0200826211965 1.10293061538 1761.92550634 
0.0399188220642 0.116351363225 1.30520023758 1429.52054539 
0.034057636075 -0.024865591084 2.48552469855 700.413363187 
0.0847484686195 0.109811606661 1.67753991403 2597.60585603 
0.012776557911 0.0597592017453 2.41338291952 2758.60292414 
-0.0126907093463 0.272460180302 1.90601187676 1566.74139076 
0.0605608512096 0.192752851083 1.47196224235 798.16386059 
2.17077272646 2.98750383537 0.206325068824 942.551573445 
0.00597264070094 0.194375362156 2.25482399122 1475.04764104 
-0.010214352629 0.185813370757 2.0079145563 2750.51900598 
0.0527463908847 0.183201978462 1.69446202588 1251.01297035 
-0.00122005222971 -0.16420501399 3.23162689234 1417.28684085 
0.108234439903 0.106245333817 1.31830087291 2172.36071628 
0.00248940495457 0.118001204165 1.80043911771 3512.30348252 
-0.00114994057507 0.0108445809656 2.93524866038 1016.19869645 
0.00366493362603 0.11334255971 2.06340514531 3745.73605053 
0.00520690424243 0.0420436651532 2.32153578076 3234.38040596 
0.0678323869999 0.215746316903 1.1623585136 2128.41550124 
0.0678090198708 0.251940043168 1.09701302148 2507.09806703 
0.0391517441698 0.179977613961 1.5956494367 2717.92139991 
0.0109220262648 0.0579323170533 2.54385062321 2175.6373662 
0.0114525055407 0.0802040462209 2.18428378241 3622.65443072 
-0.0534097696498 0.0870083032556 1.76142494109 4117.54746703 
0.0487232699264 0.193905095555 1.39612501649 2861.83359247 
0.0170859281832 0.0287154337043 2.39047681469 3243.10231633 
-0.00735441620494 0.0993915377157 2.09246119198 3192.46102325 
-0.00944177042194 0.107003857429 2.21610492404 2823.6338684 
0.0627656443657 0.135807584526 1.52864040354 2988.29345782 
0.0349005761568 0.165587624598 1.69372426908 1822.68347503 
0.056316425961 0.27318525393 1.45415060626 1830.57994839 
0.0418585984029 0.166662960451 1.45077366256 961.440059419 
-0.00182017141041 -0.10416599627 2.97859045877 738.163130395 
-0.00558222062241 0.0988174756582 2.26302074025 2781.32658529 
-0.0264969602789 0.199453051356 2.27669704573 78.8657771747 
-0.0138805016745 -0.0412174122742 1.0752958064 1661.59206463 
-0.00639938246628 0.153386373709 1.92902677001 2926.32954169 
-0.0112496617003 0.101614409171 2.34083402797 2290.90942072 
0.0610191129681 0.199303486363 1.32884198917 2517.37511944 
-0.0356920097653 0.0832847534593 1.89543821297 4095.41567924 
0.00736035274462 -0.321910966666 3.87396266901 405.567651274 
0.365015865249 0.36346414771 0.420848591157 1402.72696205 
-0.0173685103931 0.161345462656 2.12106146055 2537.7203255 
0.0373625623292 0.200205180054 1.36632533431 3157.13168794 
-0.0169771370692 0.16018499572 1.42906842106 4179.94190989 
-0.00606594968439 0.388380026137 1.58799560842 729.530335604 
0.026243500109 0.537923029636 0.869736929217 377.375933428 
-0.00402738700264 0.0017220744429 2.89003824897 1337.53452003 
0.00750052721083 0.504327092856 1.23408600842 858.089338124 
0.0960067342499 0.213623675097 1.05455454363 3420.26920703 
-0.00821894311675 0.140114712859 2.19449255203 2515.81333152 
-0.0103125762131 0.230397603147 1.7705859667 2543.94527105 
0.0787070273083 0.130441280083 1.50188484423 2798.91534698 
0.00776479452858 0.116365413828 2.36595084518 2252.30885126 
0.180022788862 0.16698637438 0.414517836942 1265.12176006 
0.0376133303624 0.487952078934 1.08595110878 1472.52678278 
-0.00432780741025 0.208039323098 2.12859864199 1297.62280214 
-0.0136121762415 0.25340441272 1.96189594534 1702.14641001 
0.0219812662865 0.0581051058506 2.46225114334 2612.03774061 
0.00329070100961 0.0425386413515 2.33717087778 1454.18603729 
0.00521328102888 0.0187123115801 2.89529748476 1077.08191882 
-0.263260295649 -0.364989705903 1.21821225481 1049.08427472 
-0.0260290623716 0.239242325137 1.89049095475 2347.07490377 
0.113276168272 0.10001777038 1.33200365705 2129.31779557 
-0.00798875020908 -0.0655640198063 2.91380845876 1686.14688166 
-0.00393088596494 -0.0690692405387 2.96613549491 1639.52822062 
0.00244902409164 0.168289321598 2.2824422623 1343.90327624 
-0.00863854599846 0.151794230707 1.88418035537 3908.54516078 
-0.0198928420777 0.132281501139 1.63656392295 4004.14476951 
-0.0313849239096 0.143092333426 1.48486395293 4186.19347822 
-0.00480839281844 -0.151998295627 3.02229820822 379.52680559 
0.0945385807293 0.297080061107 0.78811207039 2132.78665898 
0.00591689826859 0.111748601657 2.0796940015 3706.13654084 
-0.656162160672 -0.64841208735 0.906508060188 1491.01655617 
0.000754274904846 0.0542918166234 2.54750691492 2122.36011814 
0.0295510575745 0.207223719532 1.32463658002 3371.21496338 
0.0385925146156 0.204965921516 1.34238919187 3144.0578613 
0.0487418565451 0.572326922718 0.920521958954 513.373686751 
-0.0176415522275 0.178721959266 1.93384019593 2754.45985311 
0.0139687166241 0.00158708374889 2.84513230196 859.958700087 
-0.0197412936303 0.0636360172321 2.35868673275 1885.23927719 
0.0541940561009 0.137826195706 1.54217558506 3084.64335562 
-0.0235950179396 0.0311348272263 2.13570388128 3911.6979738 
0.0158290484121 0.126833479625 1.7474887566 3405.44842955 
-0.0130002605531 0.145971664829 1.85614550949 3967.47933167 
0.0125634411934 0.0780051057212 2.43620607101 2399.85948676 
-0.0449449817613 -0.84740997536 3.68162284262 112.179740081 
0.304328797469 -0.374135716763 0.175119517309 901.241546604 
-0.0336500557323 0.0523433214191 2.02922877187 4037.40568324 
-0.00843656500611 0.0252156743619 2.85181477756 1178.63737183 
0.00575855794245 0.149816807803 1.87923408163 2938.56063642 
0.0339526233585 0.1695705722 1.23675612747 3249.17552786 
0.0515934956387 0.569019285737 0.861323044868 985.105221335 
-0.0257084149709 0.228767905405 1.88706974588 2457.66535783 
0.0410903862781 0.129168811692 1.72238462473 3123.76937872 
-0.0666554065349 0.061171938676 1.01869781811 1386.23898954 
-0.0397751501676 -0.124753345719 1.10709718469 1537.05286235 
0.0130190607472 -0.22039536932 3.55830981048 514.318833755 
0.0230061614319 0.578242399576 0.758453456553 525.383762717 
0.0104386640237 0.126062470086 1.73263760724 3479.08298125 
0.0113739534727 0.0927256300603 0.97398847788 2002.68771541 
-0.00059617356566 0.177248446815 2.23753322847 1303.00869902 
0.0438979217914 0.177581890204 1.71095435737 1423.08247667 
-0.00807720682634 0.0993123790199 2.11606699227 3140.04285237 
-0.0239979026429 0.118918720723 1.80126740142 4054.69720075 
0.107566545262 0.263277697222 0.97689530589 3216.94390494 
-0.0169741396245 0.0792401513945 1.96722380544 3671.33283485 
0.0288873634495 0.180377679437 1.56046334293 3249.95100794 
0.118169420762 0.207990614073 0.995278525471 3059.91782398 
-0.00605844068474 0.0902267536661 2.24297820985 2920.38582209 
0.00517136741214 0.0391261192121 2.2538025388 3694.13945314 
-0.0126818840483 0.207871925152 1.86265131974 2742.07576383 
0.0717740619128 0.115388932359 1.72393993822 2638.54836416 
0.0443226965552 0.237452153202 1.19507071933 3250.1749968 
-0.012635584756 0.419697189895 1.68081647167 353.342831993 
0.0606267238836 0.154838891217 1.24890193467 2689.33855145 
-0.0030740303569 0.0322171968951 2.63420802663 1985.47713541 
-0.0192193779997 0.0556068291149 2.46447038138 2017.45907552 
-0.2210019366 -0.0151529044894 0.826644579066 1435.58360236 
-0.0108735619917 0.363357076519 1.62842779649 1426.95152035 
0.0661579197246 0.19145667663 1.59499238576 2003.61644513 
-9.42768421007e-05 0.0652411694325 2.26303937569 1583.12221644 
0.021894961193 0.169167278446 1.26468201961 3786.08108619 
-0.00259589013237 0.12784138095 2.49098942488 1450.79907198 
-0.0152314834914 0.748409709501 0.770744650835 172.304902738 
-0.0433622647422 0.0680950358762 1.90768122263 4101.37663006 
-0.0256016847429 0.119461163532 1.68113513725 3838.71085516 
0.00314112342039 0.128400848738 2.52148698987 1184.34602279 
-0.00406108487791 0.229672950831 1.77587648491 3229.44956826 
-0.00697505320044 0.26207975116 1.95486215565 1221.61485826 
0.00326155893849 0.0360999832642 2.29224484382 3396.95995977 
0.021553773497 0.114034975958 1.47424039713 475.267171492 
0.0459413848229 0.160428948847 1.61242316338 2105.28607688 
-0.0529101676649 0.0930671385971 1.73219341803 4130.70431191 
-0.0146710537032 0.150854044826 1.47348927427 3846.56366646 
-0.00751279040996 0.308494474864 1.81239043713 1184.95013699 
-0.0335550848429 0.0370936829682 2.07245181447 3980.82174779 
0.102188096688 0.136841783589 1.51369707318 1656.66689266 
0.0183568271552 0.0804603851844 2.40447754974 2550.90017838 
0.052401699946 0.243361064631 1.17232529638 3025.17468542 
0.00782698524375 0.0518410699039 2.58260777295 2067.67594989 
0.000124983357916 0.188097673811 1.98888591618 2997.75776373 
-0.0531041158872 -0.215797406244 1.18061343479 1384.35062046 
-0.0122710488923 0.303634381669 1.81069047433 1482.01172582 
0.0190303456133 0.0517215923886 2.44525175005 2753.65946263 
-0.0060287556001 0.162553608118 1.90515396015 2864.51122077 
-0.108095717271 -0.0347829170507 1.18155562792 1123.99554079 
0.0566071102379 0.12390559098 1.72927441565 2884.05668914 
0.0102029939034 0.201414266626 1.66148886817 3505.48614165 
-0.0359241793024 0.101833444257 1.75378778336 3906.13468479 
0.00915566567548 0.121914050599 2.6719173974 573.599657786 
0.0184194339395 0.0644378239371 2.48809770335 2390.17802974 
-0.0185297325578 0.165188422117 1.98512640859 2790.85596876 
0.0548425277925 0.459721725947 1.054757036 1271.75586881 
0.00287137333399 0.0827887857271 2.5482320931 1827.22134081 
0.00460940524608 0.12393592219 1.73545294282 3538.17295865 
0.0390336486468 0.161434036479 1.66622006364 1809.17969814 
0.0223597844697 0.198250349028 1.64488905164 3047.75741983 
0.00206716043572 0.12548585449 2.39871847821 1037.80556725 
0.0358095420437 0.44082494871 0.941806401006 933.174112241 
0.000571393145031 0.150040426711 2.31912151711 1104.40061499 
-0.0193182185907 0.287019652764 1.83158914255 1841.97172768 
-0.00434028750464 0.191736839612 1.78053727483 3800.12875159 
0.046159203077 0.167443624337 1.61777774575 1441.69374143 
-0.00819150503851 0.149834973276 1.94853102803 2944.16018703 
-0.01690096988 0.135278645615 1.63656382737 3975.37776247 
0.0312757459316 0.133425066142 1.65511123354 3309.37632557 
0.00986628742878 0.1649441609 2.01575022164 3328.470616 
0.0534652096318 0.179578934309 1.17138471551 3637.40496441 
-0.0351262040929 0.0370275528449 2.06129375264 3959.20408521 
0.0559158634637 0.147971185253 1.42433426343 2996.1111698 
0.0522102914803 0.14272809975 1.49689778328 3088.60113738 
0.0572216142163 0.416102124317 1.05107744745 1132.40518751 
-0.000539990879823 -0.181813833797 3.25881652504 952.706475368 
0.00228589914216 0.127035442614 1.69612500352 3580.13974199 
-0.0020166557295 -0.273285356932 3.90689064878 510.848875403 
-0.00606908243358 0.0840384022644 2.17772985606 3150.54822741 
-0.0236995871788 0.299949518379 1.71736508783 2177.50816984 
0.0726826376503 0.104808975143 1.85183245731 522.405835787 
-0.0367390515465 0.112608873206 1.67283757958 4134.76696073 
0.00655727451705 0.0481207716535 2.86091410146 797.518989587 
0.00845913193491 -0.117979517749 3.22244546371 926.372701041 
0.0266404423723 0.16920723244 1.26013860971 3422.19211816 
0.0136650752981 0.0852026576982 2.40058785883 2476.27319284 
0.0105567493467 0.0658971540994 2.54066810151 2102.48071877 
0.0194987830397 0.207262789195 1.29552009085 3698.32178026 
-0.000748454484359 0.213749956115 1.80702812914 3528.7977396 
0.0576987646574 0.159479030817 1.5184798976 2089.35085744 
-0.0085666377806 0.100179576176 2.1267089068 3106.79011479 
0.0532663811163 -0.0646401256561 2.29277155219 356.218708926 
-0.170175441093 -0.091520326082 0.85829045298 1694.81737721 
0.0126413917729 0.212701010077 1.72690052022 2484.15936065 
0.0142644592399 0.195229004022 1.64468735623 3454.92187816 
-0.00518868650062 0.424034789892 1.45584043235 1272.76096362 
0.0235793109019 0.0890915314244 2.30731365006 2941.75961901 
-0.0074764549776 0.237176232438 2.03042306242 1386.90943788 
-0.347197643467 -0.285833814977 0.60584186718 1447.54209815 
0.00190816111138 0.117136183132 1.90698771597 3343.51513066 
0.0115476021477 -0.277531448407 3.7449918028 454.014546944 
0.0626946921844 0.174017823152 1.1081450194 3048.45032142 
0.00358363846091 -0.642967048116 4.93921055791 261.695483681 
0.00213302645801 -0.0949142418028 2.84344038893 1074.91657701 
-0.00406821766429 0.289762495446 1.62031827948 2320.65504543 
-0.0160913585231 0.372924162241 1.55928253138 1770.0133388 
-0.00856022788365 0.085844281049 2.50454353464 137.805223323 
0.05882530414 0.225970537684 1.12788067115 3702.15024747 
-0.00327606782018 0.198595786563 1.77181516519 3758.91599602 
-0.0183434343686 0.109352593346 1.94345798406 4009.98958604 
-0.443800405633 -0.410187069024 0.89896208475 1541.11895194 
-0.000586492473499 0.0367308420875 2.83028750221 1015.67237645 
0.278020276172 0.323336303165 0.47290330988 1541.77789069 
0.0032020345555 0.152225600108 2.2857410193 2116.84643327 
0.0185544048016 0.122140749388 2.17664401504 3133.99955396 
1.94586120921 1.97241526628 0.871591441416 1350.38685639 
0.100800962532 0.0809759239998 1.24382651539 1956.26306045 
0.0487887160489 0.144359913198 1.23149015353 1590.88330759 
-0.00610394504203 -0.0180134213894 2.80247476305 1788.177399 
-0.00501310533397 0.106648194243 2.01378235766 3280.18984955 
0.00996414801891 0.0684591476392 2.39530325358 2717.07904973 
-0.0208521525295 0.335262923791 1.64400098428 1984.30024849 
0.00324805697547 -0.147161052 3.2755858013 526.161677746 
0.03491702652 0.592052714792 0.940708758812 797.580203706 
0.0362748889547 0.125419586024 0.942658319559 2126.31051799 
0.0679954902702 0.119638125579 1.741705023 2523.40611248 
0.0728305308182 0.129155673006 0.716525207553 1787.27731517 
-0.00697524630051 0.0160994416261 2.67848529155 1923.94802477 
0.0585273285216 0.148038704874 1.87271317429 1000.91115502 
-0.0335791225185 0.140525868385 1.49998292559 4180.03469551 
0.00943621303905 0.0550784561826 2.56263005166 2122.12998848 
0.281653997158 0.313848567161 0.574168293224 1740.10879748 
-0.0264917987372 0.106571013373 1.75793167031 3820.22699678 
-0.00786739639006 0.011103671043 2.88585260462 1235.99783553 
0.0661417959335 0.0512597496058 1.96078193594 432.030314012 
0.0677985036388 0.193493963751 1.28072557459 2160.33860534 
0.00719364727414 -0.143187315928 3.26615712176 1251.28913261 
0.0552308203145 0.186858439568 1.50915209305 1023.37419641 
0.0471579213651 0.424549037437 1.17358802504 1521.08011505 
-0.0421013644064 0.0535039152364 1.96244751795 3955.68051731 
0.0102750487871 -0.0692718445057 1.29406660705 1183.44935225 
-0.00602928575169 0.0651472391593 2.14787824494 3429.93123008 
-0.00462842294395 0.413686928817 1.37720224559 1900.03717939 
0.276991642601 0.339445774286 0.586241313997 1868.05777806 
0.0369383253636 0.137832171263 1.5920774631 3268.59782696 
-0.772321326216 -0.670731665166 0.682886352171 1476.09301133 
0.0364019618717 0.164710376307 1.68524840791 1793.94873922 
0.171902552869 0.313684041085 0.635025493756 1951.3756233 
0.00397684555884 0.151188982722 2.6247338219 423.22790901 
-0.00108967046932 0.137432721924 2.44423056116 1549.57283142 
-0.64694523578 -0.715054912552 0.369633992259 1128.53836522 
0.0183076222837 0.199924317567 1.2678370396 3966.01632004 
0.0871655695207 0.112402284397 1.63616605538 2652.14201916 
0.0110927320803 0.0857313010973 2.57389491991 1060.17950345 
0.0681491004572 0.0868732968808 1.98978347388 588.041017493 
-0.00125865888753 0.168417595784 1.68930636065 3815.99670112 
-0.0440346218954 0.0481153563418 1.98357673616 4042.96001167 
0.0946349339173 0.112338554576 1.584879242 2603.05726277 
0.103360250934 -0.046596927989 0.273348033689 1023.08326528 
0.0124154055758 0.108849447166 2.29931719047 2633.97504057 
0.023759783552 0.178100883155 1.49584270414 3395.74099318 
-0.0489029255866 0.101379227263 1.70962009566 4069.93836767 
0.0690576894539 0.257565094247 1.07549423597 2514.99448805 
0.114373488841 0.246307648549 0.985960341946 3249.51483691 
0.038944155404 0.129986427554 1.76894900967 3025.63805654 
0.0337503130982 0.136397125908 1.61418851936 3298.11458576 
0.0498823809652 0.229685318459 1.22853731578 2973.00266827 
0.21604824887 0.300942325868 0.73985409925 2349.82799873 
0.0336167770075 0.59234684502 0.924388681523 1050.30373565 
-0.0295230232269 0.118325262407 2.42621178294 280.558768915 
-0.0154740971025 0.177189778094 2.03349180781 2610.47925937 
1.2840194561 2.1100124982 0.142983709407 843.704154468 
-0.000828582029065 0.212089195274 1.8051603661 3559.49563091 
-0.0674374040562 -0.0410028827584 1.21516683878 1039.80499923 
-0.0125403979203 0.153868364865 1.79906907079 3965.37438685 
-0.000136921373378 0.120871019433 2.02426720383 3802.25977808 
-0.00129171082664 -0.193728169444 3.42055914912 451.941355652 
0.0186680720734 0.445861307358 1.22950646187 1748.99942407 
-0.000946355762426 0.144102095739 1.92008027117 3006.80923078 
-0.0146885644631 0.159002421021 1.39751787079 4211.05064303 
0.119998625261 0.0795937627854 1.32598834854 1970.02647072 
-0.0181178103637 0.170409552184 2.0495662234 2526.69048462 
0.057948298624 0.15685184456 1.22826092134 2691.69450084 
0.268220193975 0.339077947032 0.586979255951 1875.12732342 
0.0145284431444 0.104344996425 2.14928917515 3513.32291208 
-0.0444813772082 0.123148110343 1.59040574573 4171.36117773 
-0.0108981262876 0.11493176936 1.9774242487 3941.83814621 
0.0764587082979 0.141243396419 1.26454585979 2490.04976586 
0.0156772784377 0.129011146085 1.83243414906 3232.38862411 
-0.121976036851 -0.995913023547 3.56273952143 92.5824038914 
-0.00241650653035 0.187701517948 2.19497129711 1177.76801926 
0.000365922326328 0.101115859009 2.31476617017 2611.5199961 
0.00603925465983 -0.103522243346 3.13827513638 601.297823724 
5.28160754454e-05 0.0122067307163 2.94889008466 925.592677757 
0.0672398415058 0.123870511497 1.64435474581 2906.72206668 
-0.168142564774 -0.377824058194 1.2156280022 1225.72193872 
0.0160001375068 0.120700502152 2.22821366086 2855.26601402 
0.0374636356816 0.203050938963 1.20356564044 3919.68382641 
0.0665869283635 0.144906635207 0.873966889595 2118.62876531 
0.006735028083 0.128519599423 2.35852339523 2120.08849926 
0.00307716094777 0.128153331515 1.91563802444 3188.5974995 
0.12401357247 0.188094771381 0.833640127444 2199.86439814 
-0.985383151008 0.0358057571774 0.749666261991 318.48700357 
0.208117086611 0.321835295045 0.600015093771 1883.97863689 
-0.00109043280046 0.463809421334 1.33756839983 1243.48841163 
-0.00365213231803 -0.0586069055494 2.72256498268 1300.10005301 
-0.031519743851 0.0700614411738 2.58182714338 250.347544267 
0.0479395963736 0.0509248933953 1.77236807207 372.617360752 
0.116885543448 0.0239383399768 1.40811722362 1485.88639335 
0.0714627681798 0.266301232744 0.953104105468 2168.68651215 
0.0106465369126 0.18098459673 1.42890354428 3655.98650294 
0.0792826379081 0.133513467003 1.46135162721 2765.89934003 
0.033135199131 0.18533079842 1.45641949735 3213.42240091 
-0.00767014918158 0.423757938131 1.69018147953 387.111356178 
0.0189827041924 0.0653569905586 2.46734929329 2487.65724664 
0.00731138602615 0.175259995431 2.34359688976 1321.66179851 
0.0424340397422 0.607082256149 0.869961420957 904.088087453 
0.0199523427777 0.429666068518 1.39920923296 407.73020344 
-0.0233963537205 0.305969662027 1.70714165903 2139.50775739 
-0.319087999827 0.266317592182 0.800960145085 625.53229227 
0.0825003203752 0.275602176866 1.00824856186 3134.05662216 
-0.00843000381182 0.166480262781 1.83021996133 3900.58318547 
-0.0497473385336 0.0707959672948 1.85666541812 4024.02869206 
0.0871527805952 0.110913476625 1.65014184674 2627.88744787 
0.0738312085877 0.265286530855 1.04520376447 3275.39801575 
0.00993415015323 0.081832829183 2.50086043552 2083.76950186 
0.0054744836145 0.197479099943 2.24292534075 1507.03086868 
-0.0328408629175 0.0875609767473 1.84093703018 3856.52890867 
-0.034037937441 0.0931521844217 1.85418644504 4097.54864783 
0.0114817062857 0.111154238806 2.55269514899 1080.76050336 
-0.0187489962159 0.188306917187 1.91578628111 2709.38334327 
0.0403770067912 0.136387518023 1.79250898497 2739.25295195 
0.0104675067164 0.0797706991655 2.5031071932 2101.89110226 
-0.0163713780447 0.158487885967 2.13370193521 2532.76130592 
-0.00073871695199 0.214823657061 1.84647023926 3330.58652524 
0.0464976650123 0.134084886512 1.50117676826 1337.61822456 
0.00617451551096 0.189227766479 1.32475363412 4007.24696865 
-0.0504427593958 0.0643565956373 1.88201270131 4098.08225379 
0.0144106135806 0.165393793536 0.998731411453 1623.71003861 
-0.0184391983029 0.107513255886 1.78088913088 3740.85085839 
-0.0242088301238 0.26980414561 1.77098121414 2339.61217014 
0.00878985838616 0.493054294231 1.17782243336 1597.73869888 
0.00846095819275 0.0586637071869 2.63101943162 959.674419765 
0.0418288054041 0.197109956166 1.19651540398 3907.16466352 
0.0142383935172 0.144670115594 2.10534028663 3163.4987177 
0.06737986229 0.120119314747 1.74285923402 2525.83280076 
-0.0411439024998 0.0721386315151 1.90468894441 4101.6165228 
-0.0113796074355 0.126795994836 2.24360594139 2410.55557419 
0.049371247044 0.198634514196 1.36871047079 2860.41423952 
0.0426873687961 0.556829412804 0.81162435837 804.02201187 
-0.00269924157733 0.007840474114 2.92977512296 1086.62601672 
0.171116158607 0.248121036762 0.482422227297 1529.66401803 
-0.00212424034405 0.039072942709 2.60791542544 2024.17827968 
0.00731218481432 -0.0637234087658 3.07058748364 1275.26772932 
0.0118649593132 0.124315407013 1.77633557208 3420.74629467 
0.035663015024 0.107308063773 1.33741927584 1358.57789054 
0.0092132634551 0.086822856837 2.40311664408 2413.23818871 
-0.011473048847 0.141802772764 1.68959814487 3935.02870886 
0.0632645398596 0.180068642338 1.14000080562 3468.70739664 
0.090697734627 0.109395150061 1.6393499258 2594.55744439 
-0.074301621688 -0.166233324705 1.25803659993 1120.19761483 
0.00300478049165 0.190495254365 1.96341040163 3144.03297303 
-0.0131623686425 0.16009226366 1.46810206581 4027.49652455 
0.0590377702968 0.134026754147 1.92352110437 931.738400206 
0.00392480087461 0.118458083559 1.88028655537 3365.65700685 
-0.0018517730258 0.109851207523 1.93864250265 3382.45515374 
-0.0403203430152 0.0765167550469 1.88918850754 4105.4465382 
0.0569242869918 0.15724827799 1.2005130684 2652.11043982 
0.0293482452715 0.187877819525 1.60442396111 3089.29309935 
-0.00122878969411 0.0688429395114 2.27828365602 3048.25136644 
-0.00970834745485 0.150423924352 1.48610631698 3764.58352993 
-0.0366870286644 0.111576814769 1.69664279513 3937.24329742 
0.00560645271124 0.121687830055 2.26082292651 2595.35707417 
-0.018624124863 0.0594037134638 2.36365338498 1847.00663153 
0.0808090185798 0.126744145714 1.53000397328 2784.74947384 
0.165348461868 0.238356137437 0.871562524601 2651.9543186 
0.0202263141267 0.085916144109 2.36726430018 2665.9522858 
0.100403233561 0.119008236248 1.3231206879 2302.65963067 
0.0389948535447 0.390658738534 1.27353371771 1711.89058195 
0.00552032145049 0.0711177186192 1.0025271916 1929.58091896 
0.0063040844429 0.0325246500759 2.87741731864 958.423353955 
-0.0127824244297 0.0660035982977 2.30369835348 1766.04910628 
0.0377647693145 0.176392646476 1.62622686398 2523.74855683 
0.0619383219217 0.163402604543 1.03942565521 2563.14183527 
-2.15888354701 -2.00879736593 1.39181656509 314.865768606 
-0.0037976783791 0.0707378377638 2.20523830594 3223.17854526 
-0.000388493004103 0.217029856288 1.72963906303 3606.69654872 
-0.0300871147453 -0.116332381709 1.11392887825 1539.98234483 
0.0546271558171 0.159224429382 1.07927997765 2545.47423638 
-0.00415480698009 0.0045083670476 2.82598379958 1562.49413495 
-0.00127149400923 0.226615704309 1.73708274392 3088.08447348 
0.10586005434 0.0952982614102 1.64442735988 2278.26741007 
-0.00910038846377 -0.0192113728213 2.77706176769 1814.81602523 
-0.0318970115108 0.132548347271 1.56634365572 4161.01068619 
0.0884857830087 0.293649294992 0.914651422241 2461.87026733 
0.0857078554217 0.134963176528 1.35896038055 2565.52692331 
0.0408713238374 0.211362024707 1.31193157155 3114.08304496 
-0.014892241802 0.1712877487 2.13167926536 2402.90558047 
-0.0151786772467 -0.968530189178 5.90531031495 171.556936744 
-0.00602187564037 0.183410130079 2.21067025447 780.283041108 
-0.00151234061181 0.212829073933 1.77666976281 3619.30488295 
-0.0108163363586 0.107455501984 2.1544462754 2970.38804391 
0.0110399277816 0.028553420328 2.8586882702 766.653947341 
-0.0099269251397 0.0240250968246 2.44286589442 1594.74188164 
-0.00157856826997 0.136752785145 2.47719715524 1368.94514767 
0.252407662432 0.335526615869 0.605909195033 1934.04370458 
0.0161399412796 -0.0494821642166 3.05729427735 756.725556601 
0.0485835743989 0.150566286405 1.59702791584 1743.69393145 
0.00928039930491 -0.0489629722335 3.05049959627 1179.88845981 
0.00627108757596 0.125154538175 2.52936912669 1136.75064461 
0.0122358110893 0.0850094253732 1.37532774824 1132.60079663 
-0.00198250413213 -0.0480486440172 2.93780677134 1616.39952885 
0.0837223493312 0.134636384991 1.27906447231 2424.36323412 
0.0217377225845 0.193008586157 1.73994499937 2492.49768342 
0.138197835983 0.197403799259 0.804241145731 2148.21750416 
0.00381518462784 0.0489840088281 2.62624761688 1902.68219249 
0.129286203521 0.0844942466155 1.46361072977 2082.20052032 
-0.00323223324632 -0.00623209760989 2.84859343515 1585.12291415 
-0.0036383568815 0.131071706863 2.26024983923 2457.62592259 
-0.0284564220656 0.0345470977452 2.10460294887 3955.60019008 
0.00122191875938 0.114573618131 1.84891822733 3476.06341515 
0.00920832835972 0.0279160218585 2.34017703215 3381.86042565 
0.0598005174164 0.315947680548 1.15045326965 1150.32216266 
-0.023649747625 0.116550934039 1.84813786775 4054.76104964 
0.0312413573265 0.169739948622 1.76161941742 1671.73062074 
0.0653446750813 0.178870459893 1.37997992609 2209.11091107 
-0.0119179793479 0.208754120517 1.8973888552 2844.70558598 
-0.0068657986717 0.217937502473 1.79281628514 2862.76878848 
0.0706739923343 0.31326930258 1.24574273686 1356.96434291 
-0.00446847508156 0.119048559253 1.74805516035 3622.00799481 
-0.017098848903 0.0736534653979 2.5562277045 481.704988182 
0.0603885654045 0.340647199562 1.13282245348 1157.62239876 
0.0226595927813 -0.0219366276862 2.52895065276 894.411399503 
-0.00971249138248 0.165036050643 1.78495316503 3927.94618473 
-0.00955000597324 0.0778251597823 2.08386392328 3916.71123527 
-0.0178050004747 0.0768762367294 1.97397359436 3682.34328173 
0.00430040217178 0.188683261927 1.9614629905 3201.8960504 
-0.155935666685 -1.34885227837 4.15202260931 68.9455520534 
0.0451969923123 0.173069008183 1.18591211166 3470.38822802 
0.0353691868077 0.228885139706 1.21272944871 3530.51012825 
0.00335006615038 -0.548478422683 3.81173806119 227.379433405 
0.00806085620554 -0.646812186875 5.01602077176 259.570350852 
0.0301551571888 0.17145868206 1.23824744383 3755.30724075 
0.0732812179824 0.26946154119 0.956401023826 2214.8027386 
-0.0326026378013 0.0616277193785 1.96667708793 3854.59763707 
0.0153824908085 -0.261156426203 3.76405542036 503.727744805 
0.04092419887 0.136780862617 1.59521056731 3227.34453654 
-0.0116304051454 0.164641084461 1.38968165246 4200.94692635 
-0.00717319937214 0.146549775663 1.64506769236 3877.75218225 
0.0654320790591 0.119270885861 1.72506215178 2754.83449207 
0.0183318475272 0.0742877836027 2.43412435637 2495.40439662 
0.0106270408699 0.198504954739 1.65838261362 3518.05085676 
-0.00315374933182 0.108017476115 2.28410995753 2629.57401387 
-0.0334558454169 0.087757386288 1.83754075344 3862.67386126 
0.0257576423871 0.179084447196 1.49476629837 3356.91040367 
-0.00619548145533 0.35544198503 1.67431731282 1093.51224763 
-0.0123922647654 0.079647091051 2.25320344937 1809.7592701 
-0.00313329573297 0.190479521121 1.81934107563 3759.49478101 
0.0626265415269 0.121432874793 1.75113359557 2622.79547069 
0.00884915409779 0.16259419045 2.35568622944 1297.87891825 
-0.0259665603394 0.228483590638 1.90164201214 2427.72525098 
0.0552283251035 0.164437233909 1.69459728613 2274.05509178 
0.0605702859902 0.220598096704 1.24034206669 2604.68904154 
0.0872463763992 0.194710796383 1.36575489587 1393.63844873 
0.0190200531001 0.0521248110128 2.30247960212 3427.94152628 
0.04251279424 0.176811026586 1.58512321402 2629.06532283 
0.0137386342402 0.0455597837018 2.28441464478 3554.36525099 
0.123049732811 0.0609187365842 1.46951377165 1575.36691404 
-0.00723702451928 0.0271484888218 2.80023844362 1402.90159253 
-0.0129874476275 0.141856754194 1.60514621875 3935.49296612 
0.0437449513609 0.180900003026 1.20017720772 3808.50522338 
0.10344710206 0.270134377181 0.974331149891 3183.92829703 
-0.0107965747306 0.215519891624 1.86168802402 2901.83005958 
-0.0168152934361 0.126709595894 2.23096749721 2348.2651582 
-0.002850332192 0.0705587704522 2.24177505341 3128.45787078 
-0.877719922786 -0.796723085252 0.592783041347 1389.41948931 
0.0632402799413 0.221788521173 1.53879113023 1918.25330627 
-0.013661738338 -0.0127171206806 2.82790697946 470.462426499 
0.0102837076999 0.139750681811 2.42734071199 1209.95967355 
0.00443996564426 -0.209653442528 3.41292499429 1115.72024789 
-0.0148023533769 0.730919430917 0.825158338834 182.323177879 
-0.00633797491569 0.150087213082 1.58023152622 3859.1689857 
0.897263681994 0.962911835805 -0.115467899649 504.732211001 
-0.159999585813 0.0568637349391 1.07152249622 886.655448436 
-0.0131882642336 0.151356798985 1.80791170691 3972.45940912 
0.077396006604 0.118308390934 1.71613801963 2344.54194303 
-0.00699852813447 0.381091721027 1.4483401829 2023.53886146 
-0.00780399472568 0.18799209596 1.99984184766 2809.23403694 
-0.00524404922108 0.498654570526 1.61511287232 133.136356074 
-0.00469227870962 0.10868709718 2.00624474416 3272.59218293 
0.0410207154977 0.161042457809 1.64593692566 2031.88088624 
0.00324441816331 0.497776898985 1.2211327817 1351.31329834 
-0.000170342548302 0.224746192868 1.73258464191 3059.70852965 
0.0118986518802 0.209794792792 1.69155678549 2960.6168918 
0.0224032834558 0.086741487995 2.14538653537 1338.76575293 
-0.236993287395 -0.338099200029 1.04656091641 1457.9302905 
0.123296514125 0.0681714430906 1.33164628707 1897.36128898 
-0.0243777627783 0.200166432359 1.98755167885 2494.16236712 
0.0212927933427 0.0442286060271 2.34530057215 3326.02557957 
0.00495423726129 0.0840322405902 2.41998593229 2341.41895553 
0.0258733537085 0.0646905397449 2.38923479662 2878.54626405 
-0.00261556874138 0.182949134044 1.84934997966 3761.00800181 
-0.475957516347 -0.136800011906 0.998669442642 795.045869121 
-0.021930494311 0.116876529374 2.19567415723 2141.25404131 
6.92915008737 6.95918319063 1.50123973535 255.996357676 
0.00327743786735 0.454835717083 1.26750662321 1756.20022002 
0.103540191093 0.879605888357 0.376019605899 26.1439558933 
0.0063904686989 0.172106555372 1.64710381395 3693.6827924 
-0.0295544820205 0.104067183114 1.83699523225 4082.5493344 
-0.0447824416957 0.0760022211176 1.8522001419 3967.34992428 
-0.0210837118327 0.190219576206 0.668480897169 1703.15822416 
-0.00743262541503 0.0869811251563 2.07083507795 3900.19117654 
0.0344232925304 0.171308039483 1.74630324181 2478.30921 
-0.0252486496238 0.0380219810354 2.11204821324 3962.3639374 
-0.309730685068 -0.220433610388 1.24811256849 819.437273141 
-0.0343542332431 0.139550893622 1.50575439829 4176.82281075 
-0.0308756171884 0.120831829315 1.64915923198 4099.10075062 
-0.0213964220832 0.125348641184 2.15917544979 2166.56507976 
0.0767488012737 0.209166605051 1.10221808701 3611.02104657 
0.00532721577185 -0.0563389783452 3.03983681592 791.217884963 
0.00271983339156 0.182680085519 2.2865894478 1656.41151149 
0.0226479280528 0.0806237324672 2.26867226941 3256.4081378 
-0.000523864929103 0.225061135664 1.73309472538 3492.48103777 
0.00719675011017 0.184559606965 1.80436695547 2658.1883506 
0.108743827947 0.108451056821 1.50383333095 2427.20361972 
0.287559016303 0.333689447898 0.584501192429 1833.22014656 
-0.0291520030698 0.113794819823 1.72564904757 4075.68165768 
0.00973345268436 0.137615556901 2.04771668491 3558.57469072 
-0.00921668049552 0.220017715538 1.84119471169 2972.76706833 
0.0169107928708 0.185171803744 1.42102594967 3545.72090482 
0.00860310962748 0.213818868296 1.70165015559 2981.30458227 
0.00169906746944 -0.0361089786834 2.96586991752 1429.67607259 
0.0470356512314 0.152968612731 1.59981371922 1569.19179516 
-0.861777888104 -0.758019254121 1.19142092603 821.329698204 
0.0392141697755 0.213094512602 1.30376272743 3163.37984024 
0.00358047820527 0.150485247834 2.29220045667 2113.16354413 
-0.00393262420664 0.168453658393 1.35299357758 4182.04363507 
0.0197983030687 0.368409986204 1.38053398716 1952.54564535 
-0.0092632022691 0.100985557089 2.14898844341 3046.763878 
-0.0239001358372 0.210864400707 2.13080582621 349.682831827 
-0.00211051460616 0.183897101872 2.20749091074 1170.47007694 
0.0012021948256 0.0559421189962 2.28788922753 3164.66972882 
0.00787936482909 -0.0971035178552 3.15565176966 1261.71851465 
-0.0127451340581 -0.01167773727 2.72201506307 1838.04018139 
0.0253123619524 0.565460173355 1.03406969844 776.551408429 
-0.0163335213768 0.0296426392956 2.17090155287 3805.3349028 
0.00255498905013 0.174286968103 2.3050859032 1699.56781229 
0.3726832542 0.358123248044 0.388872601659 1334.44424892 
0.0414509830521 0.191571364738 1.41692953134 3038.18143117 
0.0617318915425 0.388945013887 1.1530891433 1326.94173362 
0.755817681421 0.948592667803 -0.04480365316 582.962423272 
0.00322545182148 0.102484813219 2.34379360306 2436.7678291 
0.0459258159051 0.156876268725 1.16583798064 1634.11827522 
-0.0242999279367 0.0476795666455 2.06508274282 3797.63419217 
0.000352705073074 0.0339751864626 2.26566602847 3501.18126629 
0.0641945188235 0.222806309751 1.53251043893 1901.52250285 
0.0614058945036 0.161171990406 1.47516693495 2065.47140578 
0.074121150375 0.270363688621 1.00907558279 2431.01371735 
0.00299544152028 0.0398841579675 2.64885904846 1907.09579575 
-0.00486249060022 0.156876999637 1.43004292255 3746.59944756 
0.0200890423446 0.173423596834 1.2701644245 3994.61433408 
-0.853036105813 -0.790946863965 0.548925702628 1343.51581341 
-0.0161430461979 0.00749664346701 2.54052036217 1679.75536 
-0.00596919171063 0.0493162211858 2.18359468923 3521.05562084 
0.00248175516501 0.199471409931 1.9099705733 3296.89995663 
-0.0133502319195 0.216326670741 2.06293119631 2032.69519337 
0.00229312235541 0.194795794492 2.2153392746 1807.00489669 
-0.00638633498226 0.0910942676031 2.08318215841 3300.69546819 
0.0493487675475 0.19833538243 1.17638540005 3848.48368268 
-0.00255469928036 0.208222114823 2.14860272229 1684.1104855 
0.0487862724893 0.219386382343 1.15961923215 3784.28164261 
0.0292726970208 0.156714242581 1.4161732268 3294.54930103 
0.00561075718137 0.125487900445 1.72158234543 3535.99715964 
0.443672484267 0.216946500234 0.215700676373 963.076773092 
0.00694460423958 0.20403357434 1.67455383935 3564.00739095 
-0.00292440595114 0.0658297187088 2.63896819615 1621.78023318 
0.0186688055777 0.129880845764 1.70235211287 3413.26269152 
-0.0494300440524 -0.319872553647 0.238457763862 965.729229003 
0.0206714915625 0.181825649711 1.72029316087 2380.59631814 
-0.086744356104 -0.555891367455 2.71262355198 137.09906214 
0.0371106572309 0.122675107297 0.905173572089 2077.97150866 
0.0253769207553 0.215795872567 1.25425252527 3693.03839486 
0.00869240469124 0.091691396004 2.63661028927 1033.70857563 
-0.00842581683203 0.105144759464 2.09207684665 3134.2568149 
-0.0425646303872 0.0445501814989 2.00010823639 3999.07798599 
0.0112585557921 0.241159986006 1.67111732621 2388.6707777 
0.00101587753515 0.160903967159 2.43964763606 581.058719354 
0.0478107703185 0.182784140152 1.47775146163 2810.70110364 
0.129853922411 0.0511654249873 1.46587425661 1637.17171052 
0.00848796169337 -0.0209552753971 2.98194782671 1163.07799313 
0.00101050254866 -0.337468278713 4.07444081207 546.567391811 
-0.0429033872863 0.11914437694 1.60880976299 4210.88374221 
-0.00230112505122 0.200789518783 1.79851433817 3706.57379689 
-0.0199565561185 0.0673841910106 2.05926519661 3990.14067874 
-0.0243341760242 0.149995929583 1.44353732709 4188.22945218 
0.299810374427 0.94857091382 0.178779817495 6.75540403272 
0.0709444342479 0.190144909865 1.12499994246 3563.9118298 
-0.0130422476995 0.127043617046 2.18089069 2719.17949753 
0.00940146688943 0.526425151576 1.14086477353 1255.19087203 
