Test results: GP Error -- DGP Error -- Mus -- Sigmas 
-0.00196208716113 -0.0615406607294 2.85733211341 1185.89639072 
-0.00252692462416 -0.0299985887141 2.96647842813 835.151712011 
-0.011067637062 -0.0288699161395 2.63370066768 2066.46545606 
-0.0997861268131 0.0608859409845 1.42548573775 2360.30384746 
-0.0141540674593 -0.0477367600196 2.31562830781 1679.71540831 
-0.0080334123971 -0.0209409772144 2.50206397639 1991.38127816 
-0.00341602475841 -0.0213140504713 1.68169252658 2370.18498773 
-0.156603304997 0.0813343021413 1.77036995562 1984.84872607 
0.154464797771 0.0629860881992 1.60041322782 964.627214781 
0.069162412342 -0.0791521012412 2.35179191541 2032.74889051 
-0.000350301173818 -0.348703548719 1.90329796934 161.389563008 
0.0109713354526 0.00288053676526 2.43715402512 2159.67714632 
0.011034879838 -0.422605127218 0.889182486228 1628.94716254 
0.00942312179944 -0.0055318212313 2.30995398758 2256.67976611 
0.00565811613675 0.0157488182407 2.52976451793 2045.21744726 
-0.0435550658932 0.194609214583 0.637758432049 1976.43525155 
-0.046406373706 0.00656341597069 1.61678697625 2360.23752759 
0.00440556017152 -0.00293075166505 2.55590755433 2128.91849249 
0.0196666004024 -0.112199576701 2.28336871203 1781.32002388 
0.0184385065328 -0.0443082937723 1.2561828867 2293.89726 
-0.0332147276682 -0.0748818061731 2.12088013988 1718.8658748 
-0.0106145319231 -0.0297655227723 2.57464316751 1947.74909899 
0.348177219072 0.307646811364 1.02114378228 1960.69947996 
-0.00599468952906 -0.0246757428075 2.62112587316 2100.170652 
-0.0018210668425 -0.0334430042425 2.74099420554 1956.95757036 
0.203915612652 0.132864947229 1.36316971602 1804.67806204 
0.0100912253727 -0.0940417909976 2.50194887465 1422.77854092 
0.000282105860183 -0.0243424784951 2.94616631848 797.432507453 
0.0048322436624 -0.0389079995769 2.09170798212 2267.70964271 
0.111052282348 -0.139546648982 2.16821295983 2104.65961572 
0.0119293965986 -0.105831651672 2.49136765604 1537.75154995 
-0.049624829213 -0.972030497343 0.732540832455 1750.66146173 
-0.0307578951507 -0.377675904778 0.171974329266 1846.2725794 
0.0727130439884 -0.11387343997 2.02786108861 2155.32913691 
0.00142346347033 -0.0652189248446 2.0672172466 1996.8608723 
-0.00269041640385 -0.0952886540643 1.80299707913 2344.64513246 
0.00551465530121 -5.58472367043e-05 2.32677474431 2265.36535424 
-0.00335191050493 -0.0946269610549 1.80211948649 2346.70987526 
0.0435634894063 -0.115502523386 1.72582703981 2359.95874189 
0.294545597163 0.306898560233 1.04836710875 1928.9974603 
0.0108677027846 -0.0955228060952 2.49597329046 1441.80257632 
-0.0857416417896 0.0613191377947 1.31730908034 2341.86618096 
-0.0100868224096 -0.0247257078279 2.50883574141 1959.56239858 
0.00561346896332 -0.0886573781463 1.96815419618 2271.06548496 
0.0149805560151 -0.0537490938147 2.61232355421 1855.59533422 
0.11332215165 0.00942950816283 3.08576390969 93.5202302235 
-0.0707775272231 0.0966706638627 2.09391622918 1384.96231506 
0.00489461012779 -0.0382806260727 2.09150809874 2267.67713267 
-0.0434781594985 -0.100470722607 2.11686641404 1959.05198371 
-0.0184100593898 -0.0657569708406 2.56864446077 1578.41948285 
0.0369950068523 -0.121185477927 2.33930509125 1592.54608203 
-0.0153308832644 -0.0485563735113 2.53690333678 1739.94038274 
0.0621797982645 -0.107788565615 0.93225299157 1927.51753961 
0.0210892406028 0.0136101277088 2.54220792252 2057.98721332 
-0.0217185193256 -0.0390988351122 1.93766342832 2002.19535399 
0.222653051345 0.145951190149 0.898851210897 2239.54659017 
-0.303763879898 -0.597717334827 1.493422914 1026.79568338 
0.18060289128 0.30463803119 0.192241861836 1750.71678961 
0.00961372921878 -0.00108659411571 2.58711236917 1912.70613979 
0.00484289452278 -0.0174942692258 2.61048474319 2137.7514741 
0.447454198452 0.228892117351 1.89549904988 71.7514281876 
-0.0230411103646 0.00443898061015 1.93058378257 2373.22318033 
0.00554311876191 -0.0322295648539 2.86297294785 1444.61604133 
-2.13529058002 -3.00468289663 1.34325311491 522.024805435 
-0.0501421877368 -0.0162501737128 1.44245084151 2337.50540792 
0.0426945181355 -0.110067124335 2.08645393544 2238.56118988 
-0.273221150383 -0.975703725119 0.759238382219 1579.1883281 
0.0310183420648 -0.0767648654452 2.49537672805 1148.53577482 
0.0248502232992 -0.0226540383934 2.65583539541 1702.68144779 
0.0108460306348 0.195297169044 1.49168272678 1972.59131342 
-0.0103408182624 -0.0676733820382 2.30289973618 2046.93467336 
0.0446545367457 -0.124948039331 1.44528732983 1396.67489349 
0.0192824587262 0.0702100102346 2.09116825572 2289.62933096 
0.114301748115 -0.0765509819567 1.931238853 2268.12310921 
-0.0456455868268 0.0138744385691 1.9405787827 1978.78689513 
-0.0440895149971 -0.0349200529453 1.82319365787 2243.18461594 
-0.0299709296368 -0.0441965942028 2.13077973911 2269.34067364 
0.200301730821 -0.0936776885673 0.861691560815 1977.88611216 
0.0801402846151 -0.111416458367 2.04864419208 2029.91238166 
-0.092106545982 0.0523091085437 1.33189222805 2318.50141777 
-0.0100824228812 -0.0248865126423 2.61331269946 2089.73888145 
-0.029735717916 0.124245065305 1.22987096092 2246.20577335 
0.094538557033 -0.0609021095164 1.93104303314 2276.55895357 
0.0116767400802 -0.0984009215445 2.15994574818 1931.00310897 
-0.0237133253556 -0.0516508004265 1.96300638999 1962.18820426 
-0.0677748327139 0.0686522267648 2.05508592236 1879.3124576 
0.0182431980567 -0.0532292375226 2.61595176953 1847.44457432 
0.0191689219459 -0.0861982986945 1.83259695048 2316.74435559 
0.0447074279703 -0.108767779138 2.10022986612 2247.46650442 
-0.00368192988011 -0.00945150246034 2.71939516042 1761.74459406 
0.0546284657827 -0.139998316714 2.2199258784 1927.72827734 
0.222817632315 -0.519299273186 1.12710051982 1394.3989574 
0.0718478906737 -0.010957298104 3.16517913221 632.488162512 
-0.0133617020595 -0.0186973293703 2.33369412499 2262.58523173 
0.0170776232969 0.0598392773333 2.14055252448 2287.99445796 
0.0108995696285 0.0374329019389 2.22079681085 2287.80611113 
-0.213517571657 0.0881590104468 1.68329264258 2203.90397833 
0.28478837381 0.0427311265943 1.04485383343 1650.60222973 
-0.00727999074791 0.019505724399 2.46464957779 2057.28028832 
-1.43385523208 -3.56592024661 0.443136465768 1265.23346801 
0.0477437059964 -0.104778958998 2.08256029319 2179.43384379 
-0.01575307232 0.0342677334745 2.16011184719 2303.30363593 
0.0227918861259 0.0513813461678 2.12262310598 2268.83617612 
-0.040304760933 -0.026609098557 1.89722396958 2326.61522129 
-0.397851262224 -0.290373909771 3.25022159909 66.479021291 
-0.00528788636735 -0.0375496163289 2.94440636209 1159.68742955 
-0.0297412248165 -0.0355805848334 1.50476533236 2349.23440041 
0.0278863882973 -0.076559681523 1.97027868609 2113.74327691 
-0.0119433833872 0.0140805188866 2.01462737132 2348.24634529 
-0.0975555582539 0.00253872165092 1.3073570374 2283.33118864 
-0.00322712852531 -0.0942285748211 2.52161311063 1547.8989919 
0.076571666225 0.0780083482895 2.11442186322 378.975051295 
-0.00324757590564 -0.123022736182 3.17297817618 286.354373192 
-0.0218638830931 -0.0395956210382 2.55813506577 2016.443746 
-0.00739160535885 -0.0434298809895 2.89903385813 906.691454412 
0.00257153863908 -0.0014751104595 2.51018778086 2079.74249446 
0.047456433945 -0.119854653134 2.3736675606 1594.66014502 
0.333371312561 -0.160276112616 0.709394410785 2012.31717113 
-0.0070262460671 -0.0336723620811 2.59110781709 1803.524224 
-0.00853607854698 0.00207323616787 2.74548495673 1750.62080482 
0.0348701515398 -0.0177309081024 1.96140138489 2287.93025614 
-0.0197436534605 0.103254734046 0.797606669121 2025.69438842 
0.0412044731102 -0.0656684328443 1.72650167304 2383.73337237 
0.236345129687 -0.0196965872988 0.384376415457 2006.81095015 
-0.0206308510975 -0.028360130036 2.19731377224 2319.6156936 
-0.0177038456908 0.0378135974159 1.18340703787 2245.94505825 
0.150494167934 0.0608722065951 1.58734190457 944.635661424 
-0.0416343334271 -0.00743993853823 1.68868217612 2334.00305939 
0.0156659520144 -0.0643499435939 1.95740979266 2087.29872229 
0.00240508397161 -0.0605143198716 2.46961410016 1776.6187089 
0.0943928556699 -0.138143464932 2.10550155395 2196.10904917 
0.0157262796718 0.0887528635675 2.15114901245 499.716424421 
-0.00336478801496 -0.034288410083 2.90141867739 1296.82210678 
-0.00426986574411 -0.0102249028764 1.9106798429 2380.76634147 
-0.01963397517 -0.0385427033963 2.28144343081 2222.02195612 
0.00960666625407 -0.0830044918658 1.47534059459 2314.60860911 
0.0236485547198 0.0311112064566 0.935865251659 2090.26394013 
0.0140386711892 -0.0691147847012 2.25185801464 2263.89920327 
0.0160557171669 -0.0201177074738 2.5738217899 778.87263069 
-0.0325282504048 0.252976712032 1.92279203037 1061.38594128 
0.00378695141195 -0.0183118994893 2.60090822394 2111.97170585 
0.0532702122431 -0.140105870064 2.15745581249 1926.7237223 
-0.0121913904366 -0.0435375739702 2.58088699831 1704.88934786 
0.0058241498684 -0.0444041603066 2.62776659194 1868.76542988 
0.00360340084648 -0.0463862482021 3.03472283267 1329.35651346 
0.750673912352 -0.752538479023 3.18779805001 16.4494008699 
-0.0198016101939 -0.0329655827111 2.3283515176 2208.81661975 
-0.0313527528275 -0.051580380916 1.9153887204 2169.6427098 
0.0119137287138 0.0137691290872 2.26371190692 2257.94580873 
-0.0468561320651 0.149808133538 1.49028894891 2066.66110156 
0.0046760332549 -0.0815044309457 3.07287404455 735.206779726 
0.0613826134929 -0.0483080229194 1.8419779566 2389.17542302 
0.00171199101494 -0.0531208286393 2.74422832212 1498.66826305 
-0.0827796448087 0.0762747015565 1.29146947469 2343.31093512 
0.157060562911 -0.109734870008 2.14702534684 83.2951735737 
0.00194778341814 -0.0508727493085 2.9394692074 1254.56489066 
-0.0146503690934 -0.0136525104938 2.68492189943 1530.20956656 
0.00885745997014 -0.0500079338901 2.27871480571 2005.14643016 
-0.00871157052842 -0.0222230085266 2.50403645295 1980.94620651 
0.285272105226 -0.0277460066299 1.02688015302 1469.7458578 
-2.48385687287 -4.65676198824 0.0440358444838 1688.39400101 
-0.0198987347759 0.00268103463251 2.26326954075 2328.17191593 
0.0203564828988 0.126403343179 1.14258485914 2249.20381189 
0.0121516513212 -0.0205925920042 2.3821930343 2234.37505116 
0.183984711395 0.199801224617 1.25669352338 1697.99397233 
-0.00460301070708 -0.0430547494133 2.81214104079 1681.84646787 
0.0165704297304 -0.0903600845166 2.2521009988 2123.78044041 
-0.0164371708036 -0.0126852893747 2.28183763105 2259.69377229 
0.0680808993343 -0.101200800924 2.02753784326 2038.76891048 
-0.0295749321867 -0.11366097055 3.17278067389 352.162125571 
-0.0491034001865 0.197568563206 1.29806099135 2271.10505014 
-0.0636726598928 -0.014103952381 2.04138908317 1617.01635674 
-0.0996170072174 0.0858444092157 1.42239237628 2322.98244968 
0.0154423789801 0.179992324978 0.557165351415 1878.97062385 
0.00361375795466 -0.0134455638905 2.52909357835 606.451241874 
0.145931830126 -0.267159012228 0.853865783188 1646.92317732 
0.0114073874225 -0.0836144585667 1.95352254837 2286.93310399 
0.0115075069216 -0.0626989869798 2.02318891205 2102.28496889 
-0.0826901765383 0.00581513196056 1.87777743704 1987.36181862 
-0.000590845836144 -0.0233819476367 2.67968180895 1798.39409578 
-8.74704673833 -25.1773504244 1.96922848184 13.8436766119 
-0.00354683430301 -0.0214765143828 2.60965138749 2104.33094762 
0.0337663200093 -0.125524374922 1.75204467191 2343.82754293 
0.00908735271089 -0.0578887919958 2.59288016345 1883.73343864 
0.751792045082 -0.0182163593939 2.37054248523 17.9868370999 
0.00665907062744 -0.0296421266399 2.92744555774 802.964755047 
0.00312263574306 -0.0815958810106 2.9854881231 826.449234534 
-0.0528061112006 -0.0504522106921 3.03886973213 778.571497502 
0.0167002521581 -0.0590685326031 2.59193288791 1878.82908678 
-0.00391181321684 -0.0566237685055 2.50799733347 2063.43909944 
0.311345342149 0.0845584049897 -0.13891813327 1378.22667218 
-0.0210229210179 -0.0342111062074 2.59168125547 2009.7986298 
-0.029058493835 -0.00915173993488 1.61231632096 2374.44555075 
-0.0551945126878 -0.0350501947585 1.79232211085 2280.30552523 
-2.24180086099 -5.29384858461 0.479995048053 1255.8761334 
-0.00404413984899 -0.0429187743709 2.88044852537 1594.46476486 
0.00427648789755 0.00310272632305 2.47916936688 2132.47389603 
-0.0376420970537 0.16559342139 1.6481755166 2015.03977728 
-0.000621220150146 -0.0687556243907 2.93900818751 1181.931789 
0.00531943710044 -0.0343935810497 2.86372462047 1407.30238665 
-0.0641075097685 0.0469825763111 1.83793291259 2088.35602653 
0.0445111541678 -0.0578461001647 1.73633329273 2386.74035542 
0.00167017879108 -0.0447069077641 2.93028554079 1318.04668999 
0.0128011347257 0.0143841305678 2.48667684481 2141.56588668 
0.0405040693888 -0.0891007427474 1.71248773648 2372.87780427 
-0.0436054949034 -0.0360929619247 2.22987829431 1544.44314142 
0.0608231706631 -0.136049213198 2.22790370504 1950.85307906 
0.0209397413324 0.0497153648326 2.18794708444 2281.97035994 
-0.00778595011692 -0.00579452085155 2.7237609005 1753.72051886 
-0.0281580412497 -0.0390868016565 2.30619751268 2142.91250489 
-0.0120632586889 0.0996482775506 1.66421363571 1844.96108701 
0.00218908212459 -0.0062874239872 2.35369726364 2286.94585341 
0.00605149114448 -0.0348122186391 2.84510084365 1449.2375778 
-0.116164691162 0.0251734561338 1.79492546253 2132.55078925 
-0.00138584826335 -0.00208397882909 2.53364113961 2080.25520106 
-0.00198004789254 -0.0290593314308 2.60404606934 1868.90451834 
0.000402243942222 -0.0221753086794 2.68367305971 1799.06026783 
-0.0167019452274 -0.048609522722 3.17068248281 676.13779104 
0.00855997566909 -0.0338327782258 2.50355161864 2062.52671424 
0.372568815893 -0.426554143177 0.736091322913 1717.20822109 
-0.215408330364 0.201855022121 1.54116422764 2154.78763984 
-0.010474681456 -0.0472900958958 3.00557478515 593.562919661 
0.0603891537345 -0.110920645624 2.1514087719 2193.43624763 
0.0107190662092 0.124487144583 1.15818639863 2234.88725917 
-0.0190974810417 -0.0373078027219 2.42241216331 2229.55591422 
-0.175649328376 0.137627104789 1.68184405026 2017.24426751 
0.0753312781378 -0.152646991192 1.64425790869 2335.47871373 
0.0856439306708 -0.0569236368976 1.92852461761 2279.64644859 
-49.3108792814 -78.1714091022 1.24291071452 669.70416704 
0.146919569432 0.164908180002 1.59027857194 1570.06164182 
-6.50708342102e-05 -0.0667701748613 1.99347641056 2146.55913096 
0.32690398867 -0.0980668742625 0.741572016324 2036.15305918 
0.017491821952 -0.0335816426045 1.86454072673 2388.10830844 
0.116347713432 0.222550505148 1.36052444444 1828.16612994 
-0.0107364595235 -0.0493368694114 1.93005783885 2108.72651282 
-0.0231078651802 0.00783381356655 2.09813001049 2319.9527505 
0.00231368664855 -0.0292225939067 2.65699332997 2106.87391636 
0.142171561832 -0.0648885915668 0.98458511827 1815.48431644 
0.0261164771328 -0.0973812906388 2.26773053353 2045.69814131 
-0.000954421794261 -0.0249946855565 2.67438707032 1803.01648157 
-0.000320587565172 -0.0741066099954 3.03060781389 563.141649403 
0.00326762297199 -0.0788973115292 2.97698551593 1084.48001895 
0.0234911123608 -0.0995350539216 2.46700165452 1585.45478599 
-0.00930687162988 -0.0380786318357 2.77842935513 1889.2465652 
-0.062457236644 0.00596379544093 1.51724310728 2369.12951678 
-0.0697538576849 -0.0399224253795 1.81797668263 2254.02423184 
0.00766812167607 -0.0276931926648 2.67361420197 1844.3116813 
-0.000407177245287 -0.00773707605077 2.55050945751 2116.98438173 
0.0539800072619 -0.1117561895 1.99947884038 2259.06808389 
0.00634779979738 -0.012130160656 2.35228959185 2250.08189128 
0.0308172124715 -0.0120327605276 2.39830561382 2218.67604996 
0.148183879972 0.0971085395827 1.11847107336 1928.31012238 
-0.0580061551753 0.146588155836 2.0703535407 1282.67054483 
-0.038166262965 0.0413184380175 1.99042726973 2345.7927508 
0.00275582866227 -0.00421520455428 2.29676547773 2258.92749868 
-0.0544890100372 0.0905173475642 2.02650020837 1822.59016463 
0.0759165191468 -0.112598359526 2.26050395798 2017.41693746 
-0.0168527292456 -0.0544179220553 2.59297414273 1576.34351678 
-1.3659887437 -3.32338517855 0.647119454881 1368.37940422 
-0.0234384768772 -0.0470804042352 2.26427083076 2232.59645163 
0.00275414008798 -0.0777097898237 2.58104620636 1243.72319787 
0.0735539505258 -0.0706720942466 0.545160715846 1658.20965993 
-0.000945149765497 -0.0302147772662 2.65716149646 2087.8702394 
0.00903522011167 -0.0364786200269 2.74235253418 1483.25159322 
0.152557041323 -0.0950930193836 2.15669886662 89.9036895028 
-0.212850650012 0.185929669326 1.52600408283 2197.70434168 
0.0182904775518 -0.0055501739304 2.60099328271 2033.75081907 
-0.0151254264384 -0.0150615308076 2.57084267946 2008.98413272 
-0.0589689328192 0.131780492763 1.7225538241 2041.15929128 
0.00574315714114 -0.00898494020366 2.36557400222 2301.53329475 
-0.0272710802579 0.0168086473702 2.15140079023 2311.04611791 
-0.00823432016253 -0.0411129603189 2.44902528255 2193.37269121 
-0.0704974027606 -0.00385712045765 2.23259312665 1709.40409121 
-0.0328327789904 -0.00945119501271 2.23499663248 1602.63379691 
0.0155659951126 -0.00958792847587 2.61740258463 1887.87682932 
0.0737836950959 -0.151838488145 1.60968385755 2331.62893462 
0.0142790167251 -0.107546715327 2.21220210071 1902.72566069 
0.00167851052816 0.000216948389585 1.97777405147 2363.33600534 
0.0176971923059 -0.0831236239022 1.96202334507 2293.76345873 
-0.00183275055948 -0.0416190328557 2.9714984889 1186.99522484 
-0.0546049084152 -0.0530725118965 2.17687134432 2269.38526632 
-0.0116442404115 -0.0387842250751 2.21620843201 2320.64158914 
0.0208722325261 0.120442293869 1.17405729144 2165.02369475 
0.0041126753458 -0.00743523921708 2.35769940894 2307.36926802 
0.0132565602796 0.0211846442649 2.47120755836 2135.33868121 
-0.00732571663201 -0.010021680415 2.54054875318 2036.26497576 
0.0994203308792 -0.124709264216 2.07494067602 2045.58997272 
0.032597627096 0.127786093024 1.21386087986 2122.98457475 
-0.00211483390824 0.00215246045015 2.81420071259 1795.35896822 
0.00555288824251 -0.0189018985334 2.69708400266 1890.65787681 
0.012460891246 -0.0274907367882 2.94284923663 728.052900997 
-0.0133654486204 -0.0223961035757 2.64088727263 1941.82679619 
-0.0183194785639 -0.059059754952 2.49829532381 2083.04748917 
0.111175193754 -0.134960331521 2.10467937644 2046.11192103 
-0.00371069821348 -0.0612697290864 2.78691631365 1563.46192828 
-0.0697939449608 -0.0260513793227 1.44221479352 2334.00853982 
-0.0986118800537 0.251650278611 1.44944803379 2047.64515346 
0.00866949444473 -0.11389254528 2.22536855695 1750.06876064 
0.0469548860762 -0.116862056826 1.71685474111 2359.51340478 
-0.0116125616615 -0.0262173664998 2.52218498801 1943.10337657 
0.00273745700523 -0.0844232306466 2.99641116642 759.713814559 
-0.0140850770043 -0.0505245875476 1.82195355026 2307.915808 
0.00722908681297 -0.0278673340709 2.78259080035 1921.85828638 
0.0500169377684 -0.100007110292 2.18592342206 2249.45013306 
0.446989747182 -0.00529402832178 0.807546278255 1756.00455054 
0.0594856144721 -0.111015019937 2.1254683679 2190.22682239 
-0.0458187556049 -0.0451920035164 2.2373421215 2257.75780194 
0.0192390313607 -0.0811086464331 2.24963290893 2213.2221959 
4.88302087661e-05 -0.0261778154487 2.87544329372 1605.98579719 
-0.0533731145407 0.00181048546701 1.55048240793 2372.08137243 
-0.133651494401 -0.0178099301015 2.00356578798 1963.28288806 
0.0585437985655 -0.0614087051659 2.55562318244 1371.3283071 
-0.0589103319554 0.0335973951021 1.95985857982 2334.43010081 
0.0328974294586 0.114583241411 1.31167558515 1685.63659649 
0.00266169045808 -0.090856974734 1.67780029748 2309.86417995 
0.0204412768993 0.00567709049304 2.39720228927 2209.23907699 
0.00862795491391 -0.0244753942216 2.39416320726 2227.27301688 
0.0729680107986 -0.119072739751 0.913543629602 1908.58024604 
0.0367140665444 -0.116709466065 2.33352676146 1667.99321296 
0.0173941684201 0.011392479171 2.29947365004 2262.53608897 
-0.0271673804066 0.0567913200112 2.01109081963 2314.11716086 
0.00263099572478 -0.0757926981116 3.05243972145 511.509481423 
0.0305796935361 -0.10263683651 2.06823483173 2260.05188839 
-0.000228744402469 -0.01659419254 2.59287916364 2107.91789588 
0.00582659152557 -0.031152031862 2.7426544622 2014.87073919 
-0.110660299208 0.0145531748348 1.21332900192 2264.31870772 
-0.144369364964 0.0591980252341 1.90776999882 1899.77810095 
0.055989761224 -0.137931287067 2.22404877585 1934.58956255 
0.00629880425634 -0.0165364081131 2.7110207965 1922.10201835 
0.00610017838568 0.263635848095 0.472016781531 1915.20114586 
0.0149735844057 -0.0355702422046 1.68108000274 2381.07582947 
0.183921974605 -0.04605415479 3.01865314591 289.228553411 
-0.0808226929862 0.0265072747582 1.35674775213 2329.88024395 
0.0104756479369 0.0375881504477 2.1531503313 2263.58876271 
0.00105445091825 -0.0012048430546 2.54278813307 2103.45902248 
0.161582854788 0.183745274991 1.2575962578 1891.04544061 
-0.0120939411215 -0.0366366421649 2.30465900823 2262.97647467 
0.0966866092719 -0.33967118168 0.815632458019 1792.08866954 
-8.87569161556e-05 -0.024192383085 2.85758623304 1208.73588981 
-0.0186696040329 0.0468368409088 2.00762213286 2303.76244654 
-0.0244568106902 -0.0106694948056 2.26648173269 2262.57401556 
-0.0063961980239 -0.0410977211363 2.46344962353 2149.46568897 
-0.140547194191 -0.361603654951 1.5707485644 963.195077755 
-0.0598758076736 -0.549086918202 1.26430329444 1060.15472769 
0.00550090611195 -0.0549899977527 2.01627966479 2087.65570392 
-0.0428811412896 -0.0654691067309 1.52602775093 2330.9562591 
-0.0238006560534 -0.00378800220256 2.34275292622 2188.45345224 
0.0384346182979 -0.0918457637685 2.07300495274 2270.19520348 
-0.0160692546628 -0.0400962365335 2.36414180482 2062.18584558 
0.790343544767 0.50418612921 3.123531803 13.0056852323 
0.0648636759585 -0.0828779950482 2.29816770125 2080.25704509 
0.00595631713699 0.145248942199 1.64526270763 1612.29942815 
0.158608973134 0.0942257055205 1.5099446371 1497.55653665 
0.00497733298791 -0.0240512760195 2.51300905755 2041.33327918 
0.00396958459106 0.00914103543149 2.08984752946 2268.26550269 
-0.0457620989573 -0.0805950169746 2.12066354073 1996.76430554 
0.00525268532961 -0.0833739984538 2.32806136521 1906.40030287 
-0.0181487481417 -0.0533805037907 1.46852597175 2325.57971853 
-0.167478153237 0.0361039972503 1.75601120794 2211.03863514 
-0.137493882282 0.0725832230907 1.50118416235 2300.93476786 
-0.154756816027 0.203204815354 1.4441508436 2225.96674357 
0.252752744072 -0.0385178632518 0.868868061751 1918.65860557 
0.00120603837259 -0.0363442432283 2.8920007526 1218.35646812 
0.00261730707652 -0.00614851264899 2.34374269241 2309.20155324 
-0.0319250050452 0.0926781687442 1.79513881684 1960.69155491 
-0.0257285816876 0.132426363801 1.34982008119 2172.7609982 
0.0153097705514 -0.0970067280008 2.18595207515 2021.34646343 
0.0445514827023 -0.115448719352 1.47571354243 2312.07636793 
-0.00183017181421 -0.0253417329832 2.60094318464 1965.20073416 
0.197761632448 0.112900418468 1.45325102941 1718.84629985 
0.251393621518 0.0863629795396 1.40155507588 1637.63424031 
-0.0207285574955 -0.0293346675552 2.54085047187 2068.79379643 
-0.00346114796303 -0.0593396437231 2.78092448199 1628.02548701 
0.0212797673986 -0.000796797043479 2.56669743358 2101.43479115 
0.00603527609575 -0.0214398984534 2.62751759832 2095.9633516 
0.00194977055804 -0.0566171825962 3.02687960834 1060.15845022 
0.0248351010062 0.0170995941876 2.52616800729 2072.73777713 
0.00737760729946 -0.0574187451201 3.10227208461 801.585680225 
0.012099270544 0.0123756085827 2.49162433784 2141.07622476 
0.689918586381 -0.096143911552 3.31831178671 13.6070649685 
0.00668914719546 -0.00320964607535 2.33223869691 2258.96277979 
0.0163019846557 -0.0103279165013 2.59778293509 2093.10677731 
-0.109800181811 0.0123865981359 1.51029978353 2319.26642452 
-0.104532866531 0.0843576901721 1.53231793646 2232.14415682 
0.0715603373318 -0.138494928467 1.5753289737 2329.02402036 
-0.0442550482947 -0.0117971531624 2.34539820243 2121.35869553 
-0.000851543213043 -0.0776439388252 2.005645866 1946.96338083 
0.0104375881055 -0.00243298573554 2.47878837702 2103.58593476 
0.0956983853232 0.013812727592 0.404930477766 1614.32863201 
0.0669031498367 -0.144815403602 1.68473738506 2342.88687563 
0.195393196238 0.171122526117 1.21525332171 1633.15218254 
0.128171321688 0.254031669208 1.1986539426 1941.3108375 
0.00474902458105 -0.0194791314283 2.61681771788 2135.50211353 
-0.134438782418 0.0428793504303 1.81222563171 1913.04712681 
-0.00254801395384 -0.0501923587678 1.83300543495 2380.36484669 
-0.0124595934997 -0.0246433619165 2.3984722539 2066.30891707 
-0.0483509551997 -0.0632846764175 1.93279120175 2180.02761106 
-0.00283484674423 -0.00669596316454 2.80888262829 1879.83886636 
0.0258909692811 0.060299946603 2.15264700065 2281.99600831 
0.116638869311 -0.00250438629868 0.9530651838 1998.53798876 
0.0249587357482 -0.101160998541 1.71826019776 2307.30801422 
-0.181263573308 0.186431305359 1.59963356603 2053.10282323 
0.000106876307923 -0.0993131653197 2.98596189888 848.572639265 
0.0203538142891 -0.0853311647808 1.98417793888 2292.03495584 
0.365132508402 0.266577452471 0.990888551552 2027.1664388 
0.0994639538387 0.220433271638 1.36891123808 1825.01965963 
0.0303059157675 0.00620541974754 2.42251678958 611.624972233 
-0.0657388779218 -0.00267450029078 1.8856373759 2010.06161339 
-0.0224832812593 -0.0333065118386 2.58100027855 2023.40762893 
0.017232305335 -0.018016092031 2.62755884505 1617.88621395 
0.0508826936182 0.183989319017 1.73513027029 1133.39709146 
-0.122812473355 -0.387856256472 0.0385333324957 1722.69223049 
0.000261970433974 -0.0642428053369 2.825892552 1368.2541818 
0.00255956485269 0.00316255873124 2.46478441387 2133.19962511 
-0.0966288973233 0.0369257617992 2.05817755505 1484.77439285 
0.00439982577398 -0.00229034974309 2.77681640957 1618.68755195 
-0.0334327782106 0.287503806171 1.32779680347 2152.4861774 
0.0481406491541 -0.124286408447 2.09219393985 2261.09276738 
-3.03248664029e-05 -0.0354780878359 2.9825700995 1130.38225025 
-0.00368772346759 5.56240171077e-05 2.32714871809 2308.90935321 
0.0247276551676 -0.00844045494169 2.4270757294 2194.78212622 
-0.0313005645719 0.139783553207 1.41672830891 2125.11234615 
-0.0914353196906 0.0963789843578 1.42246372407 2289.74704629 
-0.0169257365628 -0.0371454274079 1.96170048206 2116.74268682 
-0.00312238101112 -0.0137313893719 2.70620724673 1786.80768789 
-0.0120553097006 -0.0218443054156 2.38413292555 2269.71247792 
-0.0478618221121 0.000965523432144 1.92886958927 2323.85380911 
-0.12549345371 0.0124493397769 1.72652048255 2215.58662697 
-0.00984880287259 -0.0437022936616 2.47972643645 2123.0444036 
-0.0234101863083 -0.0119145817692 2.32852996435 2192.99643806 
0.0134973397411 0.0207959890498 2.47252435599 2135.75307476 
-0.169331629803 0.0380792969689 1.75200506641 2211.78891914 
-0.0390884621617 -0.0418531285712 2.04764728278 1783.20320505 
-0.132470645752 -0.0094344212629 2.00479509331 1967.72911562 
0.120820853255 0.0813040562716 1.70409245126 1157.80771056 
-0.000648199321056 -0.0424959491712 2.71566737284 1254.06894157 
0.0142777352469 0.0105844449136 2.50654675932 2131.97863832 
0.907136823716 -0.318090667239 2.96387223968 7.22112624424 
0.422940210513 0.221238615712 0.924133782452 1954.90680163 
-0.00609843885828 -0.0699180428615 2.30787132672 2026.71951433 
0.00491638883323 -0.019553341907 2.61401054525 2131.26795127 
-0.133551612675 0.0725273865418 1.62690865691 2168.79223319 
-0.020901875816 0.0402929249671 2.04977989707 2329.29092955 
-0.00962408540478 -0.0477254026525 2.95082507442 536.798029924 
-0.0749914932655 0.330950783631 0.486612641778 2080.40572607 
0.0244737934126 0.0182156729231 2.52114026472 2074.46274465 
-0.0580332768651 -0.0090230334555 1.71224589593 2308.14452321 
0.0354866545719 -0.0962984595461 1.74157549246 2370.14348081 
0.0819181792599 -0.0515171590458 2.61819267008 1171.77148474 
0.2226953153 0.0539598528364 1.85814344791 476.848563693 
-0.00431823749546 -0.036207325727 2.91047035361 1191.25356119 
0.0711527341357 -0.0674931922592 2.5180836172 1322.1768941 
-0.0313003974226 -0.0555996751582 1.36452963022 2289.20268943 
0.00664452510514 -0.00310199436814 2.55342103336 2140.56950939 
0.0709765141854 -0.0881091310329 2.33732273072 1996.14870202 
-0.218130688716 0.0938103673408 1.68439956581 2194.93200908 
0.0015846221204 -0.0267336136886 2.6889795549 2015.26328078 
0.0811529912721 0.0296190578246 0.484554571528 1679.04061054 
-0.0634240738576 0.045146417188 2.10073654332 1887.39340815 
0.0113863244019 -0.0271430355667 2.69938892197 1555.77964761 
0.0267455636087 -0.0171006312707 2.63515329038 1667.86741439 
0.0153645875811 -0.04615425161 2.6337421208 1838.27403773 
0.0134537613007 -0.101624542098 2.48304164609 1496.38198095 
0.0010694745436 -0.0257226188633 2.96153824821 1234.32864876 
0.190044377532 -0.695060051157 1.12165500949 1329.33882583 
-0.0260615728378 0.00816163884561 2.48145159169 2046.50012212 
-0.0326619689802 0.293420228393 1.32919448648 2137.04369321 
0.00804729831255 -0.0205747898004 2.74336702783 1866.5832764 
-0.00407959479575 -0.0257355593752 2.78553811206 1867.29557052 
0.0028085599102 -0.0527894502355 2.76661585141 1359.79619043 
-0.0278695025155 -0.00207671484265 2.22227274567 2323.43726581 
0.0538546161693 -0.0415827554152 1.90374775488 2379.23994832 
0.0210860149963 -0.114392238832 1.77985482305 2334.28619263 
0.027397649731 -0.0981483325307 2.66418763813 680.819522914 
0.0933530908885 0.135075962939 1.05817545564 2264.65998441 
-0.00318372634266 -0.00498590511223 2.34349487374 2304.39314449 
0.202310459379 -0.57608855458 0.747508674578 1749.55892779 
0.00854325198074 -0.0338728131378 2.70822292667 2007.63830472 
-0.0149762331173 -0.0153263424935 1.67748886871 2362.82439881 
-0.0564609351269 -0.00289676580583 1.68972371689 2318.4303352 
0.0562606558649 0.0330382310485 2.13780562652 753.268533727 
-0.0113169313649 -0.0316592493839 2.36820801955 2013.63983531 
-0.00242172542823 -0.0418535785293 2.86746163078 913.804140913 
-0.0146681447167 -0.0607368266647 2.54459254616 1651.10901112 
-0.135581550152 0.0111421578152 1.78384001087 2220.49652565 
0.0321430171023 0.045622879742 2.18405550501 2260.5276162 
0.0619243116022 -0.127752278648 2.05353730485 2243.89295038 
-0.0293579969182 -0.00790061746498 2.17681809279 2316.47406826 
-0.0109571702448 -0.0227785019057 2.65210215701 1911.93352347 
0.111852117329 -0.377302497566 2.13188576198 46.184228227 
0.213614968795 0.213723765669 0.0230149027648 1673.33738267 
0.0217799023096 0.0683158083124 2.11058088934 2288.27412905 
0.00208362091439 -0.0599342487676 2.95086431134 1151.84290306 
0.0437191764382 -0.114607868651 2.25750934694 2000.1778366 
-0.0825269064382 -0.0240814662196 1.499631593 2328.7918429 
0.0175078755256 0.136989470817 1.93453485951 1700.32651814 
-0.0220810506346 -0.000125287115673 2.44687911767 2045.31876945 
0.0698254725745 -0.112152820966 2.02402728189 2156.00017183 
0.292185140153 0.0630995272608 1.05676734975 1642.1249792 
0.444959002306 0.19494134988 0.890129713655 1846.08072921 
0.00969370732643 -0.0334313325683 2.92998410934 679.732982825 
0.039850262859 0.0307820187389 1.78473749968 1266.4567143 
0.0552317946421 -0.120842922306 2.03210935127 2257.29622627 
0.0818748818851 0.0769587529475 1.03875355913 2116.26039974 
0.0123645614561 -0.0400962236427 2.73664690694 1471.4359245 
-0.0810525264278 -0.0158826951471 2.08723836045 1584.28924672 
-0.0230833151651 -0.000216243003027 2.3494844608 2187.0732378 
-0.00536690458164 -0.0127755143372 2.04989598008 2333.48443706 
-0.0963488332984 0.0274486768899 1.31391460906 2305.18548918 
-0.0461936737887 -0.0595370752604 2.16163830168 2270.254616 
-0.0432934183238 -0.0741065512889 1.93492834063 2205.28259551 
-0.0402637065022 -0.0312958199056 1.27003316988 2282.19594994 
0.00905731705385 0.0175488009992 2.457736541 2157.82175051 
0.000146165043416 -0.0108937300484 2.35028132077 2256.42652458 
-0.00508280898756 -0.0533578405273 2.37402815174 1964.16605504 
-0.0128487297221 -0.0591035619908 1.97374960827 1963.84528638 
-0.0586308112416 0.0121806100746 1.56188506598 2369.85099909 
-0.0356684016074 -0.0687071691067 2.92530596097 763.713048483 
-0.127813119469 0.149183724974 1.4075445022 2287.49664437 
0.00341239669862 -0.0436711606014 2.74046369828 1959.48377055 
0.00297328297513 -0.0266590301671 2.621007132 1936.58946153 
0.106928393908 -0.2782309869 0.920914827329 1687.46361156 
-0.0149143832945 -0.0388352870312 2.57438207701 1579.26319665 
-0.137529407687 -0.0391196647958 1.98933955612 1938.69104887 
0.0216863933164 -0.109832300393 2.46624478689 1538.51781502 
0.0434614275843 -0.133646157113 1.57666361949 2330.85014324 
-0.00626650662353 -0.0325170939717 2.87001696358 1689.68025271 
0.232844697513 -0.0959750981517 3.10329192587 114.023645133 
-0.0276691612572 0.0544837469384 2.02274600331 2329.90184438 
0.114039844501 -0.0770570711413 1.94145051666 2266.99921823 
0.00492041288921 -0.0498267625884 2.91406101428 1343.08169809 
-0.019004747495 -0.039272290041 2.32208327107 2197.20041778 
-0.0130714285139 -0.0196908407452 2.65761950547 1545.70663727 
0.0324212136827 -0.00949382570246 2.38219766437 2228.91070607 
0.134830282579 0.245412205197 1.54170367806 1252.74566638 
-0.0496335670796 0.0322263207665 1.90630591753 2006.7756154 
-0.0480704380548 -0.0103163599042 1.91440407699 2326.5842789 
0.0501505281856 -0.0883695166314 1.77203668044 2292.40109009 
-0.022969341351 -0.0257407073602 2.63197172873 1499.24920627 
0.0333180067138 0.0621597017449 2.12441699727 2272.01982831 
-0.0625140872825 0.0836772669107 1.71572124602 1874.35476054 
-0.00974886242837 -0.0303823514307 2.62786949581 1880.57750788 
-0.0812475720676 0.0367678486441 1.5331163397 2356.57627841 
0.000911549189286 -0.00952572253349 2.72793055062 1760.15435867 
0.00801049650822 0.00528263587075 2.44736125581 2146.39980618 
0.293505159838 0.107170583885 0.921829482075 1753.69058674 
-0.000287825372188 -0.0220915377802 2.60969064499 1593.1612007 
-0.00945351101568 -0.0458706913995 2.59810018907 1926.12274617 
0.0100036151859 -0.080084500786 2.30841405194 1998.081848 
0.142924455652 0.0224605937599 1.13197340566 1481.80897222 
0.05822224701 -0.0934245450672 2.01263364388 2044.99918012 
0.0564396161308 -0.111396183347 2.12640803257 2234.06334528 
0.0908333063573 -0.0534495825804 1.97524467016 2270.55071463 
0.00412365481245 -0.102235917735 3.08516278557 638.354473684 
0.00309115350718 -0.0276291684808 2.67130445934 1804.96669228 
-0.0282562981345 -0.00909661944922 2.3818662409 2043.15682067 
-0.060361338261 0.129670158941 1.891931608 1848.84222051 
-0.00562020905502 0.00722237369628 2.77509111891 1779.9321588 
0.0580182324999 -0.117185092791 2.02909089331 2262.97051512 
-0.0413016416979 -0.0131957196112 1.992680818 1839.51927777 
0.0454881164963 -0.0984544747322 2.09240634389 2139.688523 
0.00480053862981 -0.0252343463123 2.7537387311 1474.83230393 
0.112907015886 0.168472219723 1.60415505626 1545.42645979 
0.00503529689722 -0.027029483397 2.74009093682 1523.10494523 
0.00731681333254 -0.00844815257863 2.57257311037 1792.10286682 
-0.00738769726599 -0.0431981365959 2.22128456765 2319.33164535 
-0.0148480231291 0.0150810939267 1.93654545864 1698.54428027 
-0.0191927169299 -0.0570538495852 2.31604157799 2044.5393105 
0.0549058541157 -0.0459769651277 1.91211309102 2372.93821437 
0.00484506640107 -0.0878032226856 1.94649623138 2235.0433519 
0.0198165489167 -0.00911576677028 2.41785168765 2217.69053136 
0.0527554296033 -0.123296352264 1.47827913434 2321.88209504 
0.0237110556205 0.0535923355984 2.11663144808 2270.36849529 
-0.171366609257 0.0789022507452 1.63600301439 2241.22382588 
-0.148427237022 0.0331653275576 1.73147008521 2229.92681843 
0.00228137717525 0.163051282413 1.72280378308 1679.31614405 
-0.0083450056956 -0.0211533438651 2.76656124539 1428.20130225 
0.0669443383522 -0.105861836114 1.98664917148 2262.04772583 
-0.00161741829098 -0.0723397264945 3.09868673366 630.588903514 
-0.00248487424012 0.00865971058649 2.37375677296 2201.6528768 
-0.0168512888518 -0.0193761640195 2.46153625463 2026.0791369 
-0.0382693637046 0.224549009098 1.95819937727 891.862306473 
0.00504935634904 -0.0195557009179 1.8935296261 2384.47552751 
0.00358258266718 -0.0465420662831 3.02529984714 1096.11751384 
0.00187518687098 -0.0571723514571 2.90652907134 822.211831499 
-0.0522157500606 -0.0579734794557 1.54126532025 2327.80744511 
-0.0148530241564 -0.0235318905685 2.63427587923 1925.49493592 
-0.00899779858283 -0.00520984079298 2.72215862747 1764.45704199 
0.00765602417 -0.0406579784815 1.65154452584 2379.1981582 
-0.0100592168141 -0.0231186582366 2.30821284523 2301.481755 
-0.0691279189348 0.0998373637823 1.76091469421 2067.76750183 
-0.0225618221418 0.00529976616009 2.36117369978 2182.11550658 
0.0542617221648 0.0913380179805 2.11196720746 437.625439895 
0.0657722333532 -0.211795671141 0.869755067897 1842.33460158 
0.0705236033932 -0.128323599844 2.24588310128 1968.73408768 
0.0479065628459 -0.111484822309 2.08957479773 2222.13018966 
-0.00533982227335 -0.0605187594135 2.55317177376 1539.36789654 
0.0050242011411 -0.0470360164146 2.55294240848 1960.61316864 
0.0135259985243 -0.0233704418425 2.67175258564 1566.81144655 
-0.0694816166928 -0.669445489065 0.69373878109 1545.56778536 
0.040069529717 -0.108374873929 2.20468879193 2203.51092109 
-0.00196239386635 -0.0363200412542 2.94692216631 632.350322289 
-0.00857591220612 -0.0537413910949 1.36434291495 2327.69654935 
0.0112429724257 -0.0467330990649 3.02611083277 596.972047151 
0.0163642000328 -0.0609283751627 2.62263866677 1074.34673661 
0.080334958446 -0.0908102900746 2.31912449725 2055.40521218 
-0.00434768464463 -0.0401938653565 2.50370751578 1793.92927579 
-0.0470680160473 -0.0736040245725 2.77057816381 202.562935568 
-0.00816059427624 -0.0625851475835 1.48351844405 2326.73376383 
-0.00356417187051 -0.0463366007953 2.23055967492 2317.67247383 
-0.0204839959126 0.0275044743728 2.16996097729 2306.04050649 
0.199709280125 -0.389318231885 0.780278921135 1784.95302751 
0.00333018995375 -0.0661322455275 2.96602152506 997.682072413 
0.0557378582666 0.287780179717 0.55148900926 2168.44895222 
-0.000242152630595 -0.0349184178171 2.7110727135 2067.30892748 
0.0107494528794 -0.0306329242752 2.49259490269 2084.97322178 
-10.9280062889 -33.0494909461 0.635794541557 1579.27398668 
0.15437161935 0.320705036779 1.18547942863 2100.98498954 
0.140706768705 0.21666501067 1.33320939819 1844.33835618 
-0.010596896782 -0.0418658466843 2.77069767153 1903.90286604 
-0.0130206409618 -0.0519434070836 2.27617974626 2195.30696388 
-0.0211269897123 -0.0285132206401 2.58354450923 2050.66450847 
-0.0106413454249 -0.0266246326458 2.48457143504 1936.11316978 
-0.00416004985975 -0.0313888207981 2.86880684518 700.80343948 
-0.0460805376884 -0.0337228926664 2.32036079311 1622.08322174 
0.0325757439882 0.0106630132114 1.07318489302 2132.83262769 
-0.0409133223507 -0.0758414218682 2.01014495668 1915.66519562 
0.0968329372049 -0.103630776786 0.865617481977 1894.94579934 
-0.00867400310992 -0.0461690902217 2.74191489531 1973.32773199 
-0.0543996256389 0.0991116190032 2.15279100012 1267.60115077 
0.0169116937222 -0.108915519339 1.79013182038 2332.23857003 
-0.00146172627416 -0.0113537002726 2.71690605726 1773.10625901 
-0.158287379313 0.223628932123 0.726864641407 2107.18023852 
0.0940404625385 -0.0728718831135 1.99817114069 2265.90719859 
-0.00189800919304 -0.0406472342138 2.93555949312 1310.30053609 
0.00242022021265 0.189960707078 1.97522765181 699.762766684 
-0.0731128620438 0.136551762287 1.52422885434 2085.66598618 
-0.00141630949754 -0.0234506085888 2.86712896079 1458.35068836 
0.0150236564198 0.0976884207997 1.81130900739 1247.22245409 
-0.0986604918363 0.0618225140202 2.01170817461 1955.30764308 
0.0130130326805 0.0277941255087 2.06113978952 2275.03223569 
0.303749830914 -0.0545031358442 1.23327950534 1564.81997836 
-0.00645259465544 -0.0151032705519 2.30406801892 2246.47747879 
0.0230648063137 -0.0641060537714 2.37590448144 1973.03532641 
-0.195267571962 0.275984140956 0.747247229432 2215.47667867 
-0.049353319827 -0.0478418902333 1.86689384339 2234.87711576 
-0.30538255712 -1.1015898407 0.731282867591 1523.79833887 
-0.0395307091521 -0.0338321810768 2.03201181227 1791.02084673 
0.167035974318 0.202043646266 0.827246115877 2253.74646728 
-0.00717882399271 -0.04727916582 3.11231005317 710.898393232 
-0.00542970179074 -0.0199686474619 2.84225629168 1815.59811021 
-0.0693129920655 -0.549848614951 0.405812403334 1423.48147392 
0.0319234560292 -0.0894436480126 1.62185115821 2357.58656839 
-0.103458132304 0.028387192164 1.83085765913 2073.53176659 
-0.0118479497191 -0.0521321856426 2.83732026833 1057.63321406 
-0.0777328991859 0.158143265905 2.10432622595 820.549822232 
0.0237704999775 -0.0880811943044 2.06809721743 2284.78414253 
0.00270168299664 0.0660657508374 2.05415781523 2296.6828297 
-0.169843794619 0.0813206178449 1.7486186046 2110.87971391 
0.137296564587 0.0127898581578 0.255587552169 1523.07021004 
-0.0178756979878 -0.0189889728396 2.58833641917 1984.12379116 
-0.0304839470076 -0.0550004451413 1.84323598814 2283.97876607 
0.0138320036737 -0.0331625754302 1.91666207335 2302.48943671 
-0.0921881661866 0.097573027359 1.40401615065 2298.86719013 
-0.100049383863 0.00648223248057 1.30534911249 2284.42527667 
0.109153269382 -0.130899761701 2.08666711669 2072.0871833 
-0.0270550973356 -0.063887015819 1.89602837947 2236.75333804 
-0.0783687071351 0.0328764005053 1.58033320892 2335.81056817 
-0.255768328752 0.179381934775 0.972500242615 2238.16770429 
-0.0328438843263 -0.0307585449437 2.28074317543 1625.73556316 
0.226116317911 -0.25577551481 2.85073383305 180.067015266 
-0.00109960109447 -0.00621154227993 2.47408762419 2091.77556275 
0.0366472195646 -0.158922694919 -0.0647582345964 1586.0511579 
-0.00985345020813 -0.0245088472569 2.30158769144 2307.48126113 
0.304819239793 -0.20698769608 1.2490068523 1279.73698164 
-0.0159169979558 -0.0337050677365 2.1406249958 2312.12695409 
-0.00658283844694 0.00692577120415 2.29956443684 2315.47814995 
-0.00415395498441 -0.0453044676486 2.88468507114 561.008394831 
-0.0154358259564 -0.0298775862688 2.23155588583 1981.46986891 
0.0122557845201 -0.0872711186758 2.27968984712 2047.73110597 
0.05310759627 -0.135547564735 1.71694361075 2346.98150119 
0.0377824141734 0.316259870836 1.27554661386 2092.43660461 
-0.00453757947782 -0.0151627849086 2.47711165617 2037.99901164 
-0.122626665575 0.139068314485 1.39172443917 2296.66069204 
-0.148912955048 0.274995339099 0.748462557124 2223.88868651 
-0.00261662499536 -0.0267545541013 2.41115085391 2252.9876024 
-0.0132917579292 -0.0720549983005 1.84398489211 2329.62824053 
-0.0145611475171 0.0225888947197 2.22428270128 2308.08645361 
-0.0955059236141 0.210327390725 1.36997823677 2249.26759861 
0.102514545979 -0.137640257799 2.15985983016 2154.63762178 
0.00984106842981 -0.866027095425 2.05593536838 29.7088364452 
0.00391912386031 -0.0241915151999 2.71255450723 1567.99051068 
-0.00130367717739 -0.0145853113306 2.58144377086 2108.68780811 
0.00490337109885 -0.0255241660453 2.85481710782 818.624994377 
0.00302801091248 -0.0363186191296 3.00082451997 1180.50244712 
-0.0555616805816 -0.0260179976098 1.88799483806 2139.11461719 
0.0886374695744 -0.230621187654 0.972405398466 1665.4675238 
-0.00640017031274 -0.0226084453717 2.54378754336 1997.813876 
0.0396865186803 -0.105276179534 1.55368733398 2332.67905805 
0.0663409279131 -0.0427281390213 1.04024298135 2096.89749737 
0.00637226884298 -0.0225108928415 2.71600923753 1997.92713053 
0.0437418372922 -0.101484674215 2.23919741224 2131.25215997 
0.0523287097311 -0.0112803235141 1.03164179848 2141.84861561 
-2.14694952848 -3.88461236867 1.46633553755 501.009677857 
0.101373567788 0.234665766744 0.768614220659 2240.77545399 
0.0103483325726 -0.0733688278222 2.52532544645 1553.92405438 
-0.0142444779826 -0.069002512837 2.6008162688 1345.45576523 
0.34883959769 -0.332974418111 2.90116345455 112.272436226 
0.0872638468481 0.222017979857 1.7584382776 664.84419506 
0.115193094148 0.197108495427 1.3473087783 1930.487854 
-0.0265264232276 0.124874284921 1.24111052574 2227.22355354 
0.0381682921694 -0.0437008816896 1.76323621007 2374.02007034 
-0.226709397171 0.120502110384 1.63076029466 2204.64458819 
-0.0677947448869 -0.0356413265093 1.80295278341 2262.84767189 
-0.0303353847672 -0.114806654135 2.98030976999 592.299074228 
0.0109098794844 -0.0361331851431 2.65529976208 1839.84761973 
0.00681168356687 -0.0569846454163 2.86568770599 1307.67325562 
-0.0590859663179 0.00235582676069 2.21308138227 1687.01234314 
-0.029053813395 -0.0822401898641 2.48763943599 829.49583066 
-0.0170512438372 -0.0193475158857 2.46807304005 2012.6490349 
-0.205512070234 -0.639890837728 1.30651365885 1158.50088658 
-0.0848874642191 0.0447555167636 1.37195825952 2351.67310468 
-0.0241814179817 -0.021240832178 2.20490096374 2321.8231625 
0.00424902384957 0.0161745125955 1.99104264997 2292.27493919 
-0.0901274085249 0.0197885765791 1.84731667695 2051.30596258 
-0.0758467633438 0.0216706875001 1.41308558762 2351.2862295 
-0.00517769841605 -0.00427499190314 2.72560548427 1804.45233148 
0.000825218856744 -0.0636566454707 2.82165121262 1405.60250609 
0.0558436716597 -0.0459683530308 2.03711860697 2267.21760897 
-0.0180976661352 0.0240212028985 2.0340904478 2339.31521044 
-0.00103693855653 -0.049188427594 2.89277487612 1070.88748216 
-0.00371262544579 -0.0330943718314 2.37437482037 2008.29923379 
0.0500303624179 -0.134527671782 2.13040920774 1927.96352647 
-0.00530151384169 -0.00532998222261 2.72239936757 1801.88434846 
0.026468621343 0.0162240135022 2.52845322206 2076.594841 
-0.00860352891373 -0.00929519797637 2.35568131535 2251.48596083 
0.0287289260329 0.128317613192 1.673988675 1905.48630134 
0.0355069581976 -0.0847791240298 1.66928187496 2368.85189095 
-0.0438055316703 0.0494873861691 1.98942153892 2326.37490058 
0.19214912307 0.121935554022 1.14017626591 1869.62517333 
0.0716829823364 -0.088077497338 2.03208344997 2267.22524579 
-0.00982985259128 -0.0217981025598 2.43471604873 2048.31522519 
-0.0021720017309 -0.0596554504874 2.34853465452 1773.7811137 
0.00208116163121 -0.0358661411795 2.81028716457 1155.32418023 
0.0498140614442 -0.116984791604 1.53830786686 2324.43097763 
0.0164523345248 -0.0178034962472 2.46910054315 2124.94883499 
-0.0394667296287 -0.0776381000605 2.01326335972 1915.03529774 
-0.0249880288008 0.0510979338774 2.02999458565 2330.74925415 
0.00625574522351 -0.00915953581082 2.57335475566 2141.0570298 
-0.11932050698 0.0185056973143 1.69986060566 2233.22399893 
0.105411423965 0.171130751072 1.74988996509 1704.73945722 
-0.00247168628375 -0.0367093687811 2.96858449767 1119.54106613 
0.238489954851 0.185472098184 0.552528156128 2136.85914531 
0.006179432994 -0.0411214570148 2.73145913793 1980.21752609 
0.00556989357915 -0.0264157764284 2.89796420517 1521.91585421 
0.0650611670409 -0.131567063249 2.08219100402 2244.38746815 
0.063680171695 0.212754041031 1.39429724061 1844.93147897 
-0.0116802186139 -0.0216690556809 2.64090988282 1979.79253036 
0.0313374148281 -0.0596424264691 1.9939353858 2331.60793359 
0.0396303764449 -0.10724215847 1.43460388555 2321.67978788 
-0.108612199945 0.0359112835192 1.82483224638 2054.63643572 
0.288239152942 -0.246828973852 1.1745246461 1463.78173205 
0.0108441646098 0.00199326145417 2.42457991139 2177.90592319 
0.0471667335158 -0.0607970501327 1.77356484678 2388.77045159 
-0.0536203659063 0.10038616263 2.17528075893 1157.58149109 
0.0516811034798 -0.119087444159 2.18181597957 2213.27454181 
0.013224096606 -0.0933610057503 2.21664947935 2219.51585301 
-0.025712606362 0.0453474060196 2.02556575077 2335.39163987 
-0.110987219536 0.135319642966 1.36137130412 2302.07465505 
0.0089207749463 -0.08293026118 2.01019480259 2167.75832999 
0.0121657788928 0.00906672556552 2.44276769047 2179.1204375 
0.0548466542847 -0.0766622665227 1.78131226843 2282.3695484 
0.0950780658912 -0.0602014775036 1.93511208561 2275.83003865 
-0.0111643602573 -0.0110370310539 2.57882103107 2053.05836045 
-0.0134919971711 -0.0669040688511 2.54105617797 1625.07651711 
-0.20607056295 0.0810076986189 1.71538025703 2181.68434263 
-0.132358859683 0.0521142578421 1.12107365345 2245.88543398 
-0.00728639307979 -0.0349044983931 2.60466737857 1897.24834687 
-0.0872870381993 0.260766246109 1.37063542963 2182.76415587 
-0.0805661059144 0.0102358362302 2.08554892628 2016.89431891 
0.164972436856 0.133280442285 1.01716195867 2109.59602145 
0.00123386999542 -0.0332673650397 2.98836323644 1217.85669994 
0.00442424500337 -0.0937398500173 2.50540999794 1570.24381253 
-0.01281813333 -0.0311056371739 1.98782033498 2058.37540085 
-0.0271023074272 0.0143501828736 1.23616693351 2281.50831735 
-4.18493160421 -5.59413696057 1.28174031617 763.171623084 
0.0119111887777 0.00479185629836 2.37102066709 2216.48128537 
0.0155842951035 -0.0672114858997 2.23732458749 2288.86088184 
0.439744087864 0.205430996235 0.897978583479 1849.36346638 
-0.0606691554984 0.0611974473448 1.25624616589 2292.85635501 
0.00492133050158 -0.0331398378899 2.8529411794 1428.71466037 
0.00190613880328 -0.0803832979123 2.27965753198 2097.43119458 
-0.151633662598 0.071383042939 1.78548245902 1979.56081996 
-0.0024817635725 -0.0344845781713 2.7394402491 1962.85705101 
0.0127062796894 -0.0511790094521 1.82736077876 2384.70974862 
-0.0515931372972 0.118997627707 1.23987409679 2323.15975448 
-0.179122864078 0.196200578629 1.47613327467 2216.75109685 
-0.0587706419426 0.00558462354799 1.66110878735 2327.29482758 
0.024578932478 0.00428258957873 2.57041527509 2061.19910377 
0.435408504786 -0.357815738125 3.13269847176 54.7015823131 
0.00019071878788 -0.00189690103635 2.70802077833 1420.19574068 
-0.00611570005209 -0.0382104225855 2.27331712174 2310.68208082 
-0.0140371255897 0.0199627392584 2.40506764656 2156.4281468 
-0.00242394635434 -0.101870269064 2.98484325025 731.540411539 
-0.0115780195655 -0.0887338929342 2.53992247227 1534.19250912 
-0.00476283278832 -0.0456091641562 2.88899596368 1556.4069873 
-0.115420106515 0.263427641305 0.779079171904 2234.89006399 
-0.00287457304504 -0.0324667064021 2.92702158777 831.661681918 
-0.0479750757734 0.0676365938112 1.84969415624 1962.63073382 
0.00602548319774 -0.0359148809581 2.92343396413 1432.45587725 
0.00663640446941 -0.0445135024572 2.91013226452 1246.59813029 
0.0529074458273 0.148198563786 1.43344428666 1785.26200093 
-0.00444233733074 -0.0339233373782 2.81760896442 1737.74253687 
-0.0864733587488 0.230344256237 1.36436244003 2229.11876663 
0.0471153514479 -0.134118901927 2.21074720321 1946.42290672 
0.0426406711262 0.00268278778158 1.00088284438 2126.66015569 
0.00161428068537 -0.0014443071323 2.76214463276 1713.49705456 
-0.148092147064 0.250507742853 1.47345806473 2089.71147803 
0.00424529924415 -0.039625003812 2.84782739031 1421.09939537 
0.00728775194072 -0.0169785321819 2.60850437748 2104.64630827 
0.03782623424 0.0568393516801 2.15449827494 2265.66603319 
0.0379974480998 -0.121533753 2.13797943397 2251.67038452 
0.0191675686408 -0.0227727083421 2.41716067887 2205.23763823 
0.0368449644489 0.151129367133 1.61066209065 1556.3067438 
-0.0209785631903 0.00297787940647 2.09066225814 2321.95332117 
-0.0459027031218 -0.0715074777197 2.1517634576 1653.94342933 
-0.101477766093 0.119328863862 1.62540112271 2079.41799414 
-0.0123761226288 -0.0163603022016 2.40502397944 2096.69236906 
-0.00406027861694 -0.0735522723674 2.32324393021 1986.7025476 
-0.0814315797414 0.120783102725 1.75811532286 1748.12319286 
0.0651260320562 -0.109491716177 2.02940501241 2266.88407395 
-0.0163080100797 -0.0419855530147 2.77733410775 804.9167706 
0.0154372560519 0.154304916133 1.64529622367 1589.80380559 
0.0596650535297 -0.0483049628819 2.49515249311 785.987195325 
-0.0109724174735 -0.0428270000942 2.15597302476 2310.62793566 
0.0135919654707 0.0312231530298 2.24595133448 2285.19035973 
-0.0481234709612 -0.0552381654146 2.16171337598 2270.20213795 
0.012866626839 0.00018552085755 2.41754856525 2192.87668016 
-0.182042524266 -1.37278880385 2.14294053786 21.6317635077 
0.0210393781942 -0.10380031381 1.47700306115 2332.99559321 
-0.029745247947 -0.019861867534 1.58123760338 2373.21822665 
-0.0120986957335 -0.0361610125817 2.47702955646 409.133764049 
-0.0638270810756 -0.0641293871771 3.07289172364 831.900866181 
0.0515220427702 -0.134825056364 1.54941979679 2330.47674051 
-0.0371126175635 0.123778948354 1.25178640672 2244.31635419 
-0.00459518865504 -0.0100677669052 2.10018936907 2267.08599788 
0.000917976204413 -0.00913342601825 2.98855489607 775.459536308 
-0.0595003359888 -0.0439711857087 1.86666719811 2229.65241919 
0.0493268789557 -0.120237664842 1.71288450558 2357.70340932 
0.0405677458805 -0.0648804850736 1.95485053131 2336.57538747 
0.0234406544526 -0.0739672153863 1.98966608549 1999.81389989 
-0.00668093805578 -0.0298834072369 2.64224926222 1856.76474932 
0.0535770998226 -0.111522549849 2.11502977566 2234.89548584 
0.0093754592949 -0.00564926933573 2.56315809937 2114.02705712 
0.0580538313514 -0.0449202698146 2.03339461646 2267.36470675 
-0.0403484941136 -0.0537735483743 1.84359998984 2273.87273794 
-0.0110689669554 -0.0360256234746 2.61299130653 1435.62772016 
0.0133069962477 -0.097573125722 2.4886285293 1574.45908425 
-0.015451984246 -0.0245766779923 2.25797504137 2329.76137545 
-0.0023344386212 -0.0903048963317 2.03071791532 1928.65898097 
-0.00784889767201 -0.0644994892542 2.84022151034 1182.70070929 
-0.0242668225644 0.00623952060144 2.46209256543 2048.9146508 
-0.0784135872689 -0.0920175354352 2.06632056472 1923.54538607 
-0.108981141131 0.0709075660427 1.55946133269 2246.82876849 
0.0197711914092 0.112183530845 1.6443038332 1717.05457776 
-0.023646750333 -0.0480343241737 2.44947126598 2183.95089698 
-0.0308662383014 -0.0188866623693 1.93371436929 2109.97175478 
-0.0193086835315 -0.0341621847549 2.40804882582 2231.76773842 
0.0488662096607 0.1736915435 1.48198416463 1940.24764037 
0.00255112027178 -0.028701046236 2.89067135131 1452.55827221 
0.0599890951349 -0.0505316074662 1.89189662857 2373.94841898 
0.0653263445861 -0.135404067221 1.52038938121 2321.93294809 
-0.0917927667692 0.0368831248171 1.31862493234 2317.58174714 
-0.0164989919402 -0.024765827596 2.38377342991 2094.85183842 
0.00115160370617 -0.0124784240546 2.56005428916 2098.1009749 
0.0134776782498 0.0102431178464 2.40748851453 2198.68608592 
-0.281804539198 -1.15145791235 0.662657396857 1460.41122986 
-0.140074370584 -0.0255850612222 1.98831482767 1948.64652448 
-0.013940814416 -0.0374156585672 2.80834854464 734.71620091 
-0.0110451506071 -0.0618818009304 2.84774736147 1112.72152221 
0.00111679784681 -0.016311189501 2.82843395844 1208.23214068 
0.21921422248 -0.107611865446 3.11097223494 144.303706504 
0.0577753077401 -0.0566961248852 1.88323679754 2364.98015143 
-98.4664326684 -330.505389546 -0.59284494513 793.39523344 
0.126887351385 -0.300627027592 1.25027969062 1118.15548455 
-0.0188311222033 -0.0289100862351 2.14273291996 2313.0555162 
-0.10339893425 -0.0460651893987 1.96597402945 1910.3974143 
0.0359160388419 -0.0653340165314 2.3676389837 2039.45616039 
0.00347669778134 0.00527948866412 2.46053651824 2139.23265765 
0.514732143295 0.0367289635912 3.20530549132 60.6736930418 
-0.0108599536953 -0.0550656814683 2.27416662949 2190.92713976 
-0.0461676458714 0.00504648245192 1.95968625175 1939.61927179 
0.0100996732288 -0.0817703368506 2.46558989254 1620.92615556 
0.00658669964481 -0.0864596754835 2.27087479667 2080.21540337 
0.0347793908164 -0.105837538514 2.18434640128 2059.86446781 
0.0136237322525 -0.068773517793 2.37804148973 1459.133419 
0.451513122843 -0.0354743483885 0.797264404148 1763.09354222 
0.0555635968354 0.32083813556 1.26104120057 2069.54350474 
-0.0106396906623 0.017899103382 2.47711267758 2054.46487252 
-0.0218663689386 -0.0554276518035 2.47725852324 2129.38441619 
-0.00471291041408 -0.0237607453856 2.6521975036 2030.56371894 
0.0139804454651 -0.0583277704706 2.57910605821 1903.28659857 
-0.0171581158013 -0.0152182327436 2.27000475442 2333.10218224 
-0.253280061391 -1.03297384895 1.18662355164 1004.23824959 
-0.01129488744 -0.0505582201377 2.5076796691 1761.74085692 
-27.0619556738 -37.8670138066 1.33766078765 410.1555594 
0.00959301807107 -0.0612296097593 2.35080874519 1892.64318424 
0.753182653431 0.271229355195 2.98583004555 10.2636508168 
0.0206499034143 -0.0974928820918 2.02991355661 2266.5009742 
-0.0140886396199 0.00999650459334 2.04600836033 2336.27854761 
0.0362892423611 -0.00517996346787 2.00679424976 2278.04991816 
0.262806214071 -0.0267624646624 0.836978822397 2055.58035832 
0.00668097813295 0.025837422959 2.25675002632 2291.80840626 
0.00933627840512 -0.131284391687 2.16087260784 1924.29795682 
0.0428121113503 0.0573984840563 2.16985461329 2265.75200432 
-0.218036230995 -0.552455071134 1.21369865015 1193.85679268 
0.0156476508884 -0.106797459608 1.79403150085 2331.28334798 
0.0289889061516 -0.0285026640346 1.88802313929 2387.62554869 
-0.00642692927648 -0.0560015258687 2.49227724269 1745.61815163 
0.0010526782487 -0.0802599918586 1.42727075919 2300.86816433 
0.00240631303193 -0.0754530831178 2.90930106618 644.737167651 
0.00598101192523 -0.0369766568596 2.81343658536 1786.95698849 
-0.00475074046316 -0.0513172977909 2.48935490229 2107.78252181 
0.00704129062566 -0.0618787907015 2.2625026251 2267.9295811 
0.0681585475354 -0.128155327263 2.26512040173 1945.43535478 
-0.219808832644 0.17266842097 1.60444435233 2133.10099393 
-0.237687702323 0.264114973298 0.744030341352 2184.45651752 
0.0231404755248 -0.018177409009 1.95505767095 2370.51790412 
0.0075174926396 -0.0123502735082 2.37981320771 2288.88602516 
-0.0194249212746 -0.0257933434894 2.37161953075 2117.73662409 
0.0208744395914 -0.0395940329479 1.7608215304 2360.46262776 
0.0298181475473 -0.105090353499 2.20784830315 2055.61270985 
0.00698075762943 -0.0285647376676 2.87473931972 1423.49023053 
-0.0204456296373 0.0515792188441 1.86573121148 1881.78657559 
-1.1372604409 -1.60723005414 1.09388576859 1199.44264439 
-0.0497554994888 0.00321597448318 1.65542358275 2339.60466465 
0.00068235749901 -0.0338717828878 2.71271347665 2063.86007475 
0.0645746991024 -0.137241350388 1.68293403264 2347.80161788 
0.00262703115964 -0.0519796213828 2.20781450718 2071.15659028 
-0.0176393734067 0.0140745794098 2.38422662203 2173.65390024 
0.0375873453607 -0.145247052492 2.75907622215 489.882103178 
0.00409681347189 -0.0245142178591 2.71543536698 1565.9404892 
0.0214627029029 0.00241824125425 2.42241137539 2196.41849241 
0.00226833597791 -0.0278782192102 2.88828990069 1517.84675568 
0.0107114247681 -0.0275931282159 2.7024161929 1935.41086428 
-0.00197615841442 -0.0550332149716 2.40295525424 1440.54213633 
0.00364406435309 0.0199797627785 2.22845366125 2259.5714236 
0.00546209194105 -0.0298325261054 2.80439736977 1854.650855 
-0.0186347464431 0.339789046652 0.425519594248 2075.34135459 
-0.0987165158941 -0.0113201935538 1.75758455051 2245.50823142 
-0.0873847249785 0.124411601289 1.8293464503 1805.66438628 
-0.187754897717 -1.80761246765 -0.423204916329 982.162575933 
-0.00747056501664 -0.0181399422482 2.61923248257 2068.97713359 
0.165310704116 0.201574407715 1.28499469818 1857.96338187 
-0.0370508538658 -0.000929631960796 2.16887822212 2265.72828549 
0.0263541275448 -0.00812753742169 2.34886520045 2246.04263953 
-0.142974205482 -0.0210968825391 1.98091831519 1946.42302852 
-0.0733203735686 0.122148193509 1.7020259725 2065.25381745 
-0.0806951017978 0.110086848551 1.33233195162 2296.88447531 
0.00945324237558 -0.00899394939936 2.76278382487 1716.64323438 
0.0223621902221 -0.078598882082 1.72898606122 2294.54419322 
0.0773541402933 -0.150974043466 1.59772253995 2330.90269687 
-0.239297426917 -1.06833774601 0.6221217306 1445.17279092 
-0.0180490075635 -0.0583388840739 2.58433434505 1578.22087757 
-0.0019032401671 -0.01027596255 2.30130753563 2255.91615072 
0.0058969491521 -0.00164543272677 2.38660078664 2234.49648827 
0.0134378920458 -0.0178541262257 2.6400721742 1887.30713983 
0.00103248628772 -0.0504616920712 2.77265655324 1819.16089716 
-0.0174675979151 -0.0248926629548 2.30264561916 2216.48003135 
0.0441470737351 -0.113254826624 1.514022953 2318.62889209 
0.00168566758603 -0.0508601345128 2.7351881779 1555.44507767 
0.00708942581725 -0.0749761293352 1.51692149898 2333.1693859 
-0.079316563373 0.0117710242742 1.67420911346 2267.52033706 
0.0584201230733 -0.114690377654 2.0157746364 2262.05925826 
0.223305405369 0.277377429954 0.134372491689 1665.18106477 
0.0545677155828 -0.107091584025 2.14798313856 2248.47434686 
0.00272775406688 -0.0020460834355 2.82582041756 1721.0345729 
0.0447482980514 -0.113754102547 2.0032479289 2248.53288059 
0.147361567266 -0.029837724394 0.193436061176 1469.0339498 
-0.00635807112252 -0.0893599902683 2.13977114185 1855.07520009 
0.161818977229 -0.471911638377 1.91133479051 46.2652749699 
0.0485380201065 -0.0261781663208 1.04296549117 2089.51805643 
-0.00418113890665 -0.0409922638281 1.61684296732 2374.06160763 
0.0032887942646 -0.0381070555021 2.91901139723 1096.5412248 
-0.0294010151702 -0.00611348491512 2.34054113631 2178.20147489 
0.0130260648317 0.0556543981271 2.06849913024 2282.51236304 
0.0723138580667 -0.118094443815 2.25067828823 2002.04164607 
-0.00418838378046 -0.113079955695 2.95399766519 509.494326894 
-0.12055661366 -0.00173440933735 1.80902814586 2162.2376033 
0.00786758891605 0.210431001149 1.44231087328 1988.51962693 
0.00614556565795 -0.0315926769797 2.93425110633 1403.47860348 
0.0096705569074 -0.0744348534126 3.07756322604 478.934408807 
-0.0339454736224 -0.0471619382075 1.84643093738 2367.50466109 
-0.0106741989974 -0.0312889528726 2.26374416895 2324.54782282 
0.0224526716964 0.050899168811 2.18536541992 2281.22230079 
0.0359008803106 -0.128446327562 1.75075198329 2337.25661987 
0.997908964129 0.989704292412 1.48889563475 1.60020279691 
0.033078453528 -0.103904857416 1.43206898034 2308.95924207 
0.0203996190168 0.0220057018499 2.48861771759 2109.82289947 
0.0149992284669 -0.0835990503166 2.4439171058 1606.55513835 
