Test results: GP Error -- DGP Error -- Mus -- Sigmas 
-0.00196208716113 -0.061540470857 2.85733203573 1185.89602313 
-0.00252692462416 -0.0299986590314 2.96647845778 835.151031964 
-0.011067637062 -0.0288700344897 2.63370071763 2066.46681093 
-0.0997861268131 0.060885836231 1.4254857862 2360.30566733 
-0.0141540674593 -0.04773689092 2.31562836207 1679.71579195 
-0.0080334123971 -0.0209409370215 2.50206395929 1991.38227673 
-0.00341602475841 -0.0213141050551 1.68169254979 2370.18678649 
-0.156603304997 0.0813341966176 1.7703700055 1984.8496401 
0.154464797771 0.0629862468089 1.60041315431 964.626575146 
0.069162412342 -0.0791520247774 2.35179188464 2032.74979403 
-0.000350301173818 -0.348703729886 1.90329802767 161.389416521 
0.0109713354526 0.00288074564451 2.43715393414 2159.67836001 
0.011034879838 -0.422604659384 0.889182343407 1628.94780568 
0.00942312179944 -0.00553183369155 2.30995399296 2256.68120552 
0.00565811613675 0.0157487114124 2.52976456507 2045.21848997 
-0.0435550658932 0.194609135921 0.637758474467 1976.43629651 
-0.046406373706 0.00656333808058 1.6167870103 2360.23930192 
0.00440556017152 -0.00293076839284 2.55590756158 2128.92005871 
0.0196666004024 -0.112199677454 2.28336875137 1781.32026093 
0.0184385065328 -0.0443083683704 1.25618291773 2293.89898502 
-0.0332147276682 -0.0748820240785 2.12088022792 1718.86610678 
-0.0106145319231 -0.0297653895877 2.57464311134 1947.75041774 
0.348177219072 0.307646912781 1.02114371867 1960.70058584 
-0.00599468952906 -0.0246759201563 2.62112594833 2100.17205654 
-0.0018210668425 -0.0334428853046 2.74099415556 1956.95857617 
0.203915612652 0.132864788988 1.36316979527 1804.67918133 
0.0100912253727 -0.0940417755859 2.50194886853 1422.77894737 
0.000282105860183 -0.0243425016649 2.9461663283 797.432155309 
0.0048322436624 -0.0389079771066 2.09170797273 2267.71114932 
0.111052282348 -0.139546411236 2.16821286922 2104.66090509 
0.0119293965986 -0.105831551712 2.49136761679 1537.7516218 
-0.049624829213 -0.972030279601 0.732540784503 1750.66224889 
-0.0307578951507 -0.377675702222 0.171974265413 1846.27375668 
0.0727130439884 -0.11387350739 2.0278611149 2155.33059102 
0.00142346347033 -0.0652190726276 2.06721730685 1996.86162692 
-0.00269041640385 -0.0952883994124 1.80299697816 2344.64684118 
0.00551465530121 -5.61011871944e-05 2.32677485459 2265.36674152 
-0.00335191050493 -0.0946267062747 1.80211938541 2346.71158741 
0.0435634894063 -0.115502351504 1.72582697289 2359.96046001 
0.294545597163 0.306898670211 1.04836703984 1928.9984591 
0.0108677027846 -0.0955227806349 2.49597328036 1441.80300423 
-0.0857416417896 0.0613190178095 1.31730913586 2341.86797473 
-0.0100868224096 -0.0247256663146 2.50883572382 1959.56327069 
0.00561346896332 -0.088657452658 1.9681542259 2271.06708532 
0.0149805560151 -0.0537489168246 2.61232348126 1855.59654451 
0.11332215165 0.00942975367763 3.08576380205 93.5200140445 
-0.0707775272231 0.0966706668948 2.09391622772 1384.96243473 
0.00489461012779 -0.0382806034193 2.09150808926 2267.67863911 
-0.0434781594985 -0.100470753271 2.11686642614 1959.05294884 
-0.0184100593898 -0.0657567986734 2.56864439061 1578.4195304 
0.0369950068523 -0.121185498976 2.3393050994 1592.54574666 
-0.0153308832644 -0.0485562582067 2.53690328902 1739.94046714 
0.0621797982645 -0.107788475876 0.932252956389 1927.5183701 
0.0210892406028 0.0136099584111 2.54220799706 2057.98831959 
-0.0217185193256 -0.0390988993449 1.93766345517 2002.19635046 
0.222653051345 0.145951123472 0.898851244803 2239.5482852 
-0.303763879898 -0.597717049622 1.49342283647 1026.7957635 
0.18060289128 0.304638027839 0.192241863929 1750.71754278 
0.00961372921878 -0.00108650959348 2.58711233251 1912.70720888 
0.00484289452278 -0.0174943776556 2.61048478947 2137.75310132 
0.447454198452 0.228891180067 1.89549957777 71.7513431694 
-0.0230411103646 0.00443912483355 1.93058371965 2373.2249798 
0.00554311876191 -0.0322293535395 2.86297285894 1444.61599804 
-2.13529058002 -3.00468374138 1.34325320652 522.024412915 
-0.0501421877368 -0.0162502598005 1.4424508783 2337.50715078 
0.0426945181355 -0.110067153423 2.08645394682 2238.56270764 
-0.273221150383 -0.975703452321 0.759238322253 1579.18847104 
0.0310183420648 -0.0767650342245 2.49537679612 1148.53560588 
0.0248502232992 -0.0226538116955 2.65583529914 1702.68195953 
0.0108460306348 0.195297176478 1.49168272277 1972.59239302 
-0.0103408182624 -0.0676730273685 2.30289959191 2046.93577341 
0.0446545367457 -0.124947698588 1.44528719828 1396.67546052 
0.0192824587262 0.0702099483301 2.09116828463 2289.63085618 
0.114301748115 -0.0765509765822 1.93123885083 2268.12458694 
-0.0456455868268 0.013874243906 1.94057886843 1978.7876135 
-0.0440895149971 -0.0349203187497 1.82319376941 2243.18610107 
-0.0299709296368 -0.0441965677538 2.13077972811 2269.34222096 
0.200301730821 -0.0936776732961 0.86169155475 1977.88734476 
0.0801402846151 -0.111416417221 2.048644176 2029.91350466 
-0.092106545982 0.0523090550744 1.33189225255 2318.50309821 
-0.0100824228812 -0.0248866748745 2.6133127682 2089.74024158 
-0.029735717916 0.124244993314 1.22987099662 2246.20748214 
0.094538557033 -0.0609020193061 1.93104299621 2276.56047175 
0.0116767400802 -0.0984010521475 2.15994579982 1931.00366112 
-0.0237133253556 -0.0516508266861 1.96300640083 1962.18910944 
-0.0677748327139 0.0686521476093 2.05508595927 1879.31357079 
0.0182431980567 -0.0532290364441 2.61595168662 1847.44583019 
0.0191689219459 -0.0861980780367 1.83259686225 2316.74602337 
0.0447074279703 -0.108767799832 2.10022987423 2247.46803887 
-0.00368192988011 -0.00945144429294 2.71939513539 1761.74569285 
0.0546284657827 -0.139998107951 2.21992579887 1927.72928276 
0.222817632315 -0.519299427761 1.12710056401 1394.39920352 
0.0718478906737 -0.0109573243156 3.16517914347 632.487839788 
-0.0133617020595 -0.018697103284 2.33369402861 2262.58663457 
0.0170776232969 0.0598391300139 2.14055259253 2287.99592855 
0.0108995696285 0.0374326887722 2.22079690703 2287.80756721 
-0.213517571657 0.0881587387847 1.68329277197 2203.90539534 
0.28478837381 0.0427313322569 1.04485374012 1650.60256172 
-0.00727999074791 0.0195056537276 2.46464960909 2057.28107089 
-1.43385523208 -3.5659201052 0.443136452317 1265.23329919 
0.0477437059964 -0.104778991841 2.0825603061 2179.43522661 
-0.01575307232 0.034267592171 2.16011191074 2303.30515226 
0.0227918861259 0.051381281484 2.12262313559 2268.83769419 
-0.040304760933 -0.0266088457523 1.89722386264 2326.61692511 
-0.397851262224 -0.290373908761 3.25022159875 66.4790188023 
-0.00528788636735 -0.0375494279484 2.94440628324 1159.68696429 
-0.0297412248165 -0.035580645497 1.5047653578 2349.23616574 
0.0278863882973 -0.0765597919598 1.97027873064 2113.74461448 
-0.0119433833872 0.0140805350962 2.01462736418 2348.24803136 
-0.0975555582539 0.00253860829148 1.30735708675 2283.33276192 
-0.00322712852531 -0.0942284417593 2.52161305782 1547.89897818 
0.076571666225 0.0780079610939 2.1144220456 378.974769952 
-0.00324757590564 -0.123022829324 3.1729782122 286.353655886 
-0.0218638830931 -0.0395956455125 2.55813507599 2016.44481858 
-0.00739160535885 -0.0434298761637 2.89903385612 906.691094735 
0.00257153863908 -0.0014749848641 2.51018772639 2079.74378218 
0.047456433945 -0.119854659532 2.37366756308 1594.65974342 
0.333371312561 -0.160276085488 0.709394400631 2012.31839776 
-0.0070262460671 -0.0336722299092 2.59110776155 1803.52465496 
-0.00853607854698 0.00207331052601 2.74548492437 1750.62186104 
0.0348701515398 -0.0177307518071 1.9614013182 2287.93182432 
-0.0197436534605 0.103254636939 0.79760671615 2025.69554058 
0.0412044731102 -0.065668361989 1.72650164416 2383.73520132 
0.236345129687 -0.0196964996302 0.384376378118 2006.81230011 
-0.0206308510975 -0.028360158663 2.19731378433 2319.61735495 
-0.0177038456908 0.0378135770511 1.18340704707 2245.94661496 
0.150494167934 0.0608723736139 1.58734182734 944.635004285 
-0.0416343334271 -0.00744001832938 1.68868221051 2334.00479061 
0.0156659520144 -0.064350047326 1.95740983499 2087.29997845 
0.00240508397161 -0.0605142285461 2.46961406276 1776.61935354 
0.0943928556699 -0.138143418093 2.10550153608 2196.11056247 
0.0157262796718 0.0887524261204 2.15114922094 499.716017055 
-0.00336478801496 -0.0342882737167 2.90141862013 1296.82227566 
-0.00426986574411 -0.0102247592053 1.91067978114 2380.76816622 
-0.01963397517 -0.038542424981 2.28144331439 2222.02338645 
0.00960666625407 -0.0830045424667 1.47534061489 2314.61024221 
0.0236485547198 0.0311111090367 0.935865295326 2090.2652503 
0.0140386711892 -0.0691146296542 2.25185795166 2263.90073102 
0.0160557171669 -0.0201178816476 2.57382186405 778.87295297 
-0.0325282504048 0.252976474053 1.92279216872 1061.38512941 
0.00378695141195 -0.0183119574971 2.60090824868 2111.97317972 
0.0532702122431 -0.140105664718 2.15745573427 1926.72471973 
-0.0121913904366 -0.0435374125315 2.58088693112 1704.88953095 
0.0058241498684 -0.0444040304607 2.62776653794 1868.76661655 
0.00360340084648 -0.0463861095996 3.03472277515 1329.35695802 
0.750673912352 -0.752537753026 3.1877978701 16.449388139 
-0.0198016101939 -0.0329653601115 2.32835142401 2208.81787112 
-0.0313527528275 -0.0515805831803 1.91538880394 2169.64419014 
0.0119137287138 0.0137689788988 2.26371197306 2257.94724665 
-0.0468561320651 0.149808121727 1.49028895494 2066.66231365 
0.0046760332549 -0.0815044342443 3.07287404587 735.20609208 
0.0613826134929 -0.0483079620508 1.84197793138 2389.17728651 
0.00171199101494 -0.0531205557943 2.7442282096 1498.66835586 
-0.0827796448087 0.0762745793541 1.29146953215 2343.31274225 
0.157060562911 -0.109734981637 2.14702539053 83.2951191076 
0.00194778341814 -0.0508729730359 2.93946929986 1254.5647072 
-0.0146503690934 -0.0136524107269 2.68492185669 1530.209646 
0.00885745997014 -0.0500079765543 2.27871482336 2005.14772562 
-0.00871157052842 -0.0222229682758 2.50403643585 1980.94716443 
0.285272105226 -0.0277456900945 1.02688001926 1469.74592339 
-2.48385687287 -4.65676084475 0.0440357566935 1688.39492479 
-0.0198987347759 0.00268096016473 2.26326957318 2328.17357355 
0.0203564828988 0.126403263487 1.14258489875 2249.20554742 
0.0121516513212 -0.0205927258018 2.38219309124 2234.37633552 
0.183984711395 0.199801349874 1.2566934554 1697.99461437 
-0.00460301070708 -0.0430546042691 2.81214098036 1681.8470988 
0.0165704297304 -0.0903599848883 2.25210095911 2123.78153124 
-0.0164371708036 -0.0126852234634 2.28183760279 2259.69528321 
0.0680808993343 -0.101200794374 2.02753784067 2038.7700492 
-0.0295749321867 -0.113661145648 3.17278074217 352.161189737 
-0.0491034001865 0.197568472844 1.29806104025 2271.10665751 
-0.0636726598928 -0.0141040582247 2.0413891285 1617.01680227 
-0.0996170072174 0.0858443177558 1.42239241973 2322.98420403 
0.0154423789801 0.179992256114 0.557165387887 1878.97146255 
0.00361375795466 -0.0134457811693 2.52909367146 606.4514689 
0.145931830126 -0.267158533174 0.853865619002 1646.92379015 
0.0114073874225 -0.0836145292676 1.95352257671 2286.93474091 
0.0115075069216 -0.0626990828836 2.02318895124 2102.28612294 
-0.0826901765383 0.00581504428175 1.87777747534 1987.36274708 
-0.000590845836144 -0.0233817519209 2.6796817259 1798.39548676 
-8.74704673833 -25.1773412156 1.96922832906 13.8436681121 
-0.00354683430301 -0.0214767078194 2.60965146973 2104.33235129 
0.0337663200093 -0.125524160727 1.75204458926 2343.82922337 
0.00908735271089 -0.0578886530377 2.5928801064 1883.73461045 
0.751792045082 -0.0182166480693 2.37054260836 17.9868291434 
0.00665907062744 -0.0296422710281 2.92744561864 802.964412579 
0.00312263574306 -0.0815961766673 2.98548824182 826.448187454 
-0.0528061112006 -0.0504523072451 3.03886977205 778.571617268 
0.0167002521581 -0.0590683510085 2.59193281344 1878.83037216 
-0.00391181321684 -0.056623728046 2.50799731684 2063.44061377 
0.311345342149 0.0845584780052 -0.13891816791 1378.2268976 
-0.0210229210179 -0.0342111588748 2.59168127759 2009.79976664 
-0.029058493835 -0.00915180094008 1.61231634722 2374.44735877 
-0.0551945126878 -0.0350502825009 1.79232214766 2280.30716995 
-2.24180086099 -5.29384829943 0.479995028375 1255.87594226 
-0.00404413984899 -0.0429188560321 2.88044855938 1594.46513889 
0.00427648789755 0.00310282483903 2.47916932396 2132.47527774 
-0.0376420970537 0.165593320535 1.64817556909 2015.04100937 
-0.000621220150146 -0.0687558789247 2.93900829094 1181.93116384 
0.00531943710044 -0.0343933565252 2.8637245262 1407.30234312 
-0.0641075097685 0.0469824691373 1.83793296143 2088.35724276 
0.0445111541678 -0.0578460484548 1.7363332715 2386.74219754 
0.00167017879108 -0.0447070806324 2.93028561265 1318.04680074 
0.0128011347257 0.014384025326 2.48667689118 2141.56741164 
0.0405040693888 -0.0891006310464 1.71248769193 2372.8795846 
-0.0436054949034 -0.0360929601 2.22987829354 1544.44357144 
0.0608231706631 -0.136048914139 2.22790359071 1950.85413811 
0.0209397413324 0.0497151653743 2.1879471756 2281.97179981 
-0.00778595011692 -0.00579442476989 2.72376085902 1753.72164865 
-0.0281580412497 -0.0390864483615 2.30619736501 2142.91378758 
-0.0120632586889 0.0996480655624 1.66421373797 1844.96187246 
0.00218908212459 -0.00628725038071 2.35369718871 2286.94734813 
0.00605149114448 -0.0348121065612 2.84510079661 1449.23813506 
-0.116164691162 0.0251733748184 1.79492549876 2132.55214601 
-0.00138584826335 -0.00208390668477 2.53364110834 2080.25658586 
-0.00198004789254 -0.0290592205838 2.60404602256 1868.90515913 
0.000402243942222 -0.022175105147 2.68367297324 1799.06167386 
-0.0167019452274 -0.0486095825856 3.17068250761 676.137882772 
0.00855997566909 -0.0338326495843 2.5035515646 2062.52809269 
0.372568815893 -0.426553559461 0.736091145208 1717.20912815 
-0.215408330364 0.201854840594 1.54116432641 2154.78891953 
-0.010474681456 -0.0472901676041 3.00557481488 593.562061831 
0.0603891537345 -0.110920620319 2.15140876201 2193.43763986 
0.0107190662092 0.124487071375 1.15818643495 2234.88896967 
-0.0190974810417 -0.0373079434904 2.42241222224 2229.55746552 
-0.175649328376 0.137626993109 1.6818441065 2017.24525873 
0.0753312781378 -0.152646885702 1.64425786895 2335.48035188 
0.0856439306708 -0.0569235260633 1.92852457207 2279.64798228 
-49.3108792814 -78.1713938887 1.24291063106 669.703548331 
0.146919569432 0.164908298253 1.59027851044 1570.062403 
-6.50708342102e-05 -0.0667702545417 1.993476443 2146.56045541 
0.32690398867 -0.0980668631388 0.741572011925 2036.15434067 
0.017491821952 -0.0335814892906 1.86454066231 2388.11015713 
0.116347713432 0.222550569877 1.36052440828 1828.16701324 
-0.0107364595235 -0.0493370117502 1.93005789776 2108.72782488 
-0.0231078651802 0.00783374157665 2.098130042 2319.95433261 
0.00231368664855 -0.0292227495263 2.65699339563 2106.87550627 
0.142171561832 -0.0648884877511 0.984585075931 1815.48523001 
0.0261164771328 -0.0973809059093 2.26773038127 2045.69930247 
-0.000954421794261 -0.0249944984298 2.67438699103 1803.01786512 
-0.000320587565172 -0.0741068288434 3.03060790238 563.140643981 
0.00326762297199 -0.0788975217888 2.97698560057 1084.47974321 
0.0234911123608 -0.0995349559429 2.46700161582 1585.45437538 
-0.00930687162988 -0.0380785022977 2.77842930094 1889.24743942 
-0.062457236644 0.0059637156591 1.51724314213 2369.13133476 
-0.0697538576849 -0.0399225169314 1.81797672086 2254.02582653 
0.00766812167607 -0.0276930191644 2.67361412865 1844.31308725 
-0.000407177245287 -0.00773725162618 2.55050953318 2116.98580879 
0.0539800072619 -0.111756345558 1.99947890135 2259.06966714 
0.00634779979738 -0.0121303661481 2.35228968002 2250.0832214 
0.0308172124715 -0.0120327670629 2.39830561662 2218.67734405 
0.148183879972 0.0971085961809 1.11847104614 1928.31116746 
-0.0580061551753 0.146588094174 2.07035357208 1282.67028104 
-0.038166262965 0.0413185267475 1.99042722953 2345.79445288 
0.00275582866227 -0.00421522963741 2.29676548858 2258.92895871 
-0.0544890100372 0.0905172737667 2.02650024361 1822.59106253 
0.0759165191468 -0.112598307799 2.26050393779 2017.41799006 
-0.0168527292456 -0.0544177421486 2.59297406863 1576.34364954 
-1.3659887437 -3.32338469438 0.647119406245 1368.37926721 
-0.0234384768772 -0.047080149284 2.26427072502 2232.59791152 
0.00275414008798 -0.0777098645447 2.58104623647 1243.72316521 
0.0735539505258 -0.0706721567661 0.545160741206 1658.21004908 
-0.000945149765497 -0.0302149245681 2.65716155856 2087.8717687 
0.00903522011167 -0.0364784710492 2.74235247176 1483.25177874 
0.152557041323 -0.0950931442885 2.15669891615 89.9036305196 
-0.212850650012 0.185929457488 1.52600419585 2197.70569713 
0.0182904775518 -0.00555032288861 2.60099334705 2033.75212313 
-0.0151254264384 -0.0150614685413 2.57084265282 2008.98552004 
-0.0589689328192 0.131780380342 1.72255388034 2041.16045981 
0.00574315714114 -0.00898495659847 2.36557400928 2301.5349097 
-0.0272710802579 0.0168085357359 2.15140083954 2311.04767264 
-0.00823432016253 -0.0411130098123 2.44902530319 2193.37428422 
-0.0704974027606 -0.00385727928873 2.23259319536 1709.40514869 
-0.0328327789904 -0.00945140696464 2.23499672367 1602.63391763 
0.0155659951126 -0.00958785017907 2.61740255095 1887.87790766 
0.0737836950959 -0.151838415431 1.60968383013 2331.6305688 
0.0142790167251 -0.107546816185 2.21220214026 1902.72615002 
0.00167851052816 0.00021699991026 1.97777402909 2363.33775612 
0.0176971923059 -0.0831236901621 1.96202337164 2293.76510594 
-0.00183275055948 -0.0416188860343 2.97149842769 1186.99493764 
-0.0546049084152 -0.0530724435322 2.17687131613 2269.38684892 
-0.0116442404115 -0.038784206017 2.21620842405 2320.64328085 
0.0208722325261 0.120442250471 1.17405731287 2165.02527861 
0.0041126753458 -0.00743526321162 2.35769941928 2307.37089098 
0.0132565602796 0.0211845590522 2.47120759616 2135.34014656 
-0.00732571663201 -0.0100215806162 2.54054871026 2036.2662977 
0.0994203308792 -0.12470918841 2.07494064674 2045.59114295 
0.032597627096 0.127786071898 1.21386089038 2122.98604418 
-0.00211483390824 0.00215239292764 2.81420074197 1795.35995254 
0.00555288824251 -0.0189017828151 2.69708395334 1890.65933217 
0.012460891246 -0.0274910995943 2.94284938998 728.052546267 
-0.0133654486204 -0.0223961077269 2.64088727439 1941.82825639 
-0.0183194785639 -0.0590597905269 2.4982953384 2083.04884376 
0.111175193754 -0.134960202311 2.104679327 2046.11309893 
-0.00371069821348 -0.061269497506 2.78691621889 1563.46212842 
-0.0697939449608 -0.0260514235015 1.44221481222 2334.01022996 
-0.0986118800537 0.251650219284 1.44944806822 2047.64631195 
0.00866949444473 -0.113892721345 2.2253686256 1750.06889422 
0.0469548860762 -0.116861895683 1.71685467844 2359.51512147 
-0.0116125616615 -0.0262173225808 2.52218496942 1943.10417373 
0.00273745700523 -0.0844235473597 2.99641129326 759.712704126 
-0.0140850770043 -0.0505246639896 1.82195358186 2307.91750631 
0.00722908681297 -0.0278672478491 2.78259076392 1921.85924359 
0.0500169377684 -0.100007039046 2.18592339393 2249.45167281 
0.446989747182 -0.00529366288084 0.807546120382 1756.00542752 
0.0594856144721 -0.11101501875 2.12546836743 2190.22821824 
-0.0458187556049 -0.0451918466041 2.2373420563 2257.75934775 
0.0192390313607 -0.0811085016357 2.24963285077 2213.2235632 
4.88302087661e-05 -0.0261779951178 2.87544336976 1605.98633905 
-0.0533731145407 0.00181041234105 1.55048243974 2372.08318712 
-0.133651494401 -0.0178100626092 2.00356584452 1963.28372435 
0.0585437985655 -0.0614085177475 2.55562310575 1371.32862797 
-0.0589103319554 0.0335975712045 1.95985850069 2334.43181051 
0.0328974294586 0.114583335005 1.31167553924 1685.63769554 
0.00266169045808 -0.090856954319 1.67780028936 2309.8657888 
0.0204412768993 0.00567718483089 2.39720224807 2209.24053728 
0.00862795491391 -0.0244755262001 2.39416326321 2227.27429152 
0.0729680107986 -0.119072623552 0.913543584507 1908.58105856 
0.0367140665444 -0.116709546981 2.33352679293 1667.99313549 
0.0173941684201 0.0113922228472 2.29947376265 2262.53745631 
-0.0271673804066 0.0567914117967 2.01109077737 2314.11879788 
0.00263099572478 -0.0757928952458 3.05243980103 511.508485558 
0.0305796935361 -0.102636882746 2.06823484994 2260.0534404 
-0.000228744402469 -0.0165943978461 2.59287925135 2107.91930125 
0.00582659152557 -0.0311519722803 2.74265443711 2014.87209154 
-0.110660299208 0.0145530572202 1.21332905375 2264.32027771 
-0.144369364964 0.0591978870441 1.90777006261 1899.77876014 
0.055989761224 -0.137931126035 2.22404871439 1934.59055151 
0.00629880425634 -0.0165363180594 2.71102075802 1922.10347442 
0.00610017838568 0.263635796668 0.472016811861 1915.20210061 
0.0149735844057 -0.0355702643254 1.68108001202 2381.07765556 
0.183921974605 -0.0460540017825 3.01865308239 289.228176644 
-0.0808226929862 0.0265071627814 1.35674780208 2329.88198251 
0.0104756479369 0.0375880701515 2.15315036753 2263.59028332 
0.00105445091825 -0.00120481172416 2.54278811947 2103.46049495 
0.161582854788 0.183745238857 1.25759627703 1891.04674647 
-0.0120939411215 -0.0366364307551 2.30465891966 2262.9779166 
0.0966866092719 -0.339670909038 0.815632369634 1792.08937425 
-8.87569161556e-05 -0.024192614153 2.85758633102 1208.73540101 
-0.0186696040329 0.0468369528412 2.00762208186 2303.76406616 
-0.0244568106902 -0.0106694635409 2.26648171926 2262.57554636 
-0.0063961980239 -0.0410977911867 2.46344965275 2149.4668857 
-0.140547194191 -0.361603576929 1.57074853951 963.195026341 
-0.0598758076736 -0.549086586531 1.26430320145 1060.15445544 
0.00550090611195 -0.0549901048093 2.01627970886 2087.65680632 
-0.0428811412896 -0.0654691294162 1.52602776018 2330.95792186 
-0.0238006560534 -0.00378774245393 2.34275281384 2188.45485935 
0.0384346182979 -0.0918457843429 2.07300496092 2270.19672643 
-0.0160692546628 -0.0400960955456 2.36414174595 2062.18681808 
0.790343544767 0.504186140424 3.12353179318 13.0056851719 
0.0648636759585 -0.082877977488 2.29816769421 2080.25834215 
0.00595631713699 0.145248859444 1.64526274968 1612.29933551 
0.158608973134 0.0942259104972 1.50994453882 1497.55723751 
0.00497733298791 -0.0240511258976 2.51300899389 2041.33456966 
0.00396958459106 0.00914105582321 2.08984752052 2268.26702484 
-0.0457620989573 -0.0805950779694 2.12066356524 1996.7653207 
0.00525268532961 -0.0833739785555 2.32806135724 1906.40088773 
-0.0181487481417 -0.0533805689252 1.46852599861 2325.58140398 
-0.167478153237 0.0361037114098 1.75601133673 2211.04010142 
-0.137493882282 0.0725830868742 1.50118422614 2300.93632574 
-0.154756816027 0.203204635347 1.44415094172 2225.96815621 
0.252752744072 -0.0385176648158 0.868867978768 1918.65969618 
0.00120603837259 -0.0363439883582 2.89200064579 1218.35617672 
0.00261730707652 -0.00614840416731 2.34374264558 2309.20314266 
-0.0319250050452 0.0926779835383 1.79513890549 1960.69245873 
-0.0257285816876 0.13242632923 1.3498200985 2172.76249321 
0.0153097705514 -0.0970067461577 2.18595208233 2021.34756836 
0.0445514827023 -0.115448752407 1.4757135553 2312.07798407 
-0.00183017181421 -0.0253416777638 2.60094316126 1965.20165838 
0.197761632448 0.112900206257 1.45325113331 1718.84700481 
0.251393621518 0.0863627695242 1.40155517571 1637.63475908 
-0.0207285574955 -0.0293347284163 2.54085049755 2068.79494909 
-0.00346114796303 -0.059339429962 2.78092439435 1628.02586066 
0.0212797673986 -0.000797030300864 2.5666975348 2101.43616888 
0.00603527609575 -0.0214400992988 2.62751768371 2095.96480938 
0.00194977055804 -0.0566171073834 3.02687957742 1060.1583062 
0.0248351010062 0.0170994097537 2.52616808878 2072.7388891 
0.00737760729946 -0.0574189569768 3.10227217163 801.584989466 
0.012099270544 0.0123754966014 2.49162438708 2141.07775096 
0.689918586381 -0.0961444822236 3.31831201281 13.6070182915 
0.00668914719546 -0.00320989006394 2.33223880254 2258.96414064 
0.0163019846557 -0.0103281449257 2.59778303328 2093.10816882 
-0.109800181811 0.0123865141831 1.51029982045 2319.26804078 
-0.104532866531 0.0843576238655 1.53231796791 2232.14572074 
0.0715603373318 -0.138494893066 1.5753289602 2329.02565313 
-0.0442550482947 -0.0117968788397 2.34539808468 2121.35991208 
-0.000851543213043 -0.0776439216042 2.00564585906 1946.96427841 
0.0104375881055 -0.00243281215274 2.47878830182 2103.58715853 
0.0956983853232 0.0138126816199 0.404930498011 1614.32896681 
0.0669031498367 -0.144815257491 1.68473732964 2342.88853298 
0.195393196238 0.17112268384 1.21525323908 1633.15273729 
0.128171321688 0.254031713656 1.19865391672 1941.31203179 
0.00474902458105 -0.0194792438392 2.61681776577 2135.50372908 
-0.134438782418 0.0428791747243 1.81222571143 1913.04802694 
-0.00254801395384 -0.0501921532167 1.83300534995 2380.36666254 
-0.0124595934997 -0.0246432258054 2.39847219621 2066.30997548 
-0.0483509551997 -0.0632847626172 1.93279123696 2180.02903913 
-0.00283484674423 -0.00669597650875 2.80888263404 1879.83979926 
0.0258909692811 0.0602997828501 2.15264707633 2281.99746218 
0.116638869311 -0.00250428623742 0.953065140452 1998.53905614 
0.0249587357482 -0.101160942124 1.71826017551 2307.3096265 
-0.181263573308 0.186431194812 1.59963362505 2053.1038925 
0.000106876307923 -0.0993133508714 2.98596197219 848.571965476 
0.0203538142891 -0.0853312288515 1.98417796451 2292.0365903 
0.365132508402 0.266577547494 0.990888495284 2027.1678052 
0.0994639538387 0.220433330744 1.36891120516 1825.0206317 
0.0303059157675 0.00620481247788 2.42251705496 611.624218664 
-0.0657388779218 -0.00267459810458 1.88563741826 2010.06260777 
-0.0224832812593 -0.0333065719911 2.58100030383 2023.4087633 
0.017232305335 -0.0180158335694 2.62755873478 1617.88623398 
0.0508826936182 0.183989400294 1.73513022703 1133.3963653 
-0.122812473355 -0.387856046698 0.0385332668523 1722.69323462 
0.000261970433974 -0.0642425706427 2.82589245623 1368.25394881 
0.00255956485269 0.00316268157492 2.46478436035 2133.2009589 
-0.0966288973233 0.0369257698671 2.05817755142 1484.77462462 
0.00439982577398 -0.00229032201501 2.77681639756 1618.68820911 
-0.0334327782106 0.287503707824 1.32779686342 2152.48747768 
0.0481406491541 -0.124286429009 2.09219394779 2261.09436657 
-3.03248664029e-05 -0.0354778921564 2.98257001743 1130.38140174 
-0.00368772346759 5.54760220668e-05 2.32714878236 2308.91094164 
0.0247276551676 -0.00844044345126 2.42707572445 2194.78344402 
-0.0313005645719 0.139783532393 1.41672831941 2125.11369972 
-0.0914353196906 0.0963789053272 1.42246376206 2289.74874534 
-0.0169257365628 -0.0371455261129 1.9617005234 2116.74392763 
-0.00312238101112 -0.0137313362392 2.70620722396 1786.8088704 
-0.0120553097006 -0.0218444787693 2.38413299922 2269.71402888 
-0.0478618221121 0.000965751495204 1.92886949013 2323.85550421 
-0.12549345371 0.0124492534656 1.72652052051 2215.58815191 
-0.00984880287259 -0.0437023475129 2.47972645885 2123.04557552 
-0.0234101863083 -0.0119142991772 2.32852984307 2192.99783563 
0.0134973397411 0.0207959014636 2.47252439484 2135.75454566 
-0.169331629803 0.0380790108837 1.75200519558 2211.7903831 
-0.0390884621617 -0.0418533697855 2.04764738333 1783.203585 
-0.132470645752 -0.00943455248189 2.00479514976 1967.72996885 
0.120820853255 0.081304134295 1.70409241437 1157.80728132 
-0.000648199321056 -0.0424958835382 2.7156673455 1254.06939257 
0.0142777352469 0.0105842986634 2.50654682351 2131.98013969 
0.907136823716 -0.318088707097 2.96387159384 7.22111634266 
0.422940210513 0.221238771962 0.924133695316 1954.90807091 
-0.00609843885828 -0.0699177088801 2.30787119115 2026.72055646 
0.00491638883323 -0.0195534389124 2.61401058657 2131.26952843 
-0.133551612675 0.072527323405 1.62690868647 2168.79366888 
-0.020901875816 0.0402929063408 2.0497799055 2329.29254204 
-0.00962408540478 -0.0477259783383 2.95082531305 536.79715638 
-0.0749914932655 0.330950749302 0.486612664062 2080.40710983 
0.0244737934126 0.0182154918212 2.52114034483 2074.4638506 
-0.0580332768651 -0.00902311832377 1.71224593246 2308.14621223 
0.0354866545719 -0.096298295844 1.74157542761 2370.1452417 
0.0819181792599 -0.0515167916928 2.61819251835 1171.77154882 
0.2226953153 0.0539599565064 1.85814340032 476.848144618 
-0.00431823749546 -0.0362071033795 2.91047026042 1191.25326883 
0.0711527341357 -0.0674929498629 2.51808351859 1322.17723813 
-0.0313003974226 -0.0555997653281 1.36452966732 2289.20427344 
0.00664452510514 -0.00310201690315 2.55342104312 2140.5710897 
0.0709765141854 -0.0881090169011 2.33732268516 1996.14949745 
-0.218130688716 0.0938101021674 1.68439969289 2194.93341688 
0.0015846221204 -0.0267336114161 2.68897955394 2015.26476409 
0.0811529912721 0.0296189994281 0.484554597663 1679.04104759 
-0.0634240738576 0.0451463305951 2.1007365827 1887.39449634 
0.0113863244019 -0.0271428382233 2.69938883853 1555.77969997 
0.0267455636087 -0.0171003754595 2.63515318115 1667.86766649 
0.0153645875811 -0.0461540556319 2.63374203944 1838.27530177 
0.0134537613007 -0.101624485327 2.48304162371 1496.38237375 
0.0010694745436 -0.0257224692524 2.96153818487 1234.32811567 
0.190044377532 -0.695060218427 1.12165505235 1329.33891363 
-0.0260615728378 0.00816163409655 2.48145159377 2046.50107219 
-0.0326619689802 0.293420139048 1.32919454139 2137.04495626 
0.00804729831255 -0.0205746339032 2.74336696149 1866.58411022 
-0.00407959479575 -0.025735410976 2.78553804923 1867.2963919 
0.0028085599102 -0.0527892288879 2.7666157601 1359.79608134 
-0.0278695025155 -0.00207678925304 2.22227277792 2323.43891083 
0.0538546161693 -0.0415827108944 1.90374773632 2379.24178385 
0.0210860149963 -0.114392012487 1.77985473484 2334.28787205 
0.027397649731 -0.098148284344 2.66418761908 680.81945233 
0.0933530908885 0.135075876661 1.05817549896 2264.66174585 
-0.00318372634266 -0.00498604396529 2.34349493375 2304.39473805 
0.202310459379 -0.576088050051 0.747508535554 1749.55980353 
0.00854325198074 -0.0338729575779 2.70822298734 2007.63962251 
-0.0149762331173 -0.0153264071112 1.67748889635 2362.8261816 
-0.0564609351269 -0.00289684970791 1.68972375322 2318.43203987 
0.0562606558649 0.0330382192752 2.1378056318 753.268041691 
-0.0113169313649 -0.0316590956283 2.36820795482 2013.64055044 
-0.00242172542823 -0.0418537493235 2.86746170198 913.80387861 
-0.0146681447167 -0.0607366756828 2.54459248434 1651.10893439 
-0.135581550152 0.0111418685818 1.7838401379 2220.49801285 
0.0321430171023 0.0456227270608 2.18405557449 2260.52908032 
0.0619243116022 -0.127752362824 2.05353733727 2243.89456512 
-0.0293579969182 -0.00790069666913 2.17681812692 2316.47567829 
-0.0109571702448 -0.0227784925411 2.65210215303 1911.93495249 
0.111852117329 -0.377302371598 2.13188572226 46.1842038191 
0.213614968795 0.213723821546 0.023014871902 1673.33817811 
0.0217799023096 0.0683157071626 2.11058093648 2288.27562726 
0.00208362091439 -0.0599345349557 2.9508644286 1151.84231536 
0.0437191764382 -0.11460750705 2.25750920604 2000.17894695 
-0.0825269064382 -0.0240815173123 1.49963161467 2328.79349712 
0.0175078755256 0.136989408659 1.93453489079 1700.32681935 
-0.0220810506346 -0.000125284722276 2.44687911663 2045.31952219 
0.0698254725745 -0.112152894626 2.02402731066 2156.0016282 
0.292185140153 0.0630997335695 1.05676725412 1642.12528423 
0.444959002306 0.194941571815 0.890129593931 1846.08172045 
0.00969370732643 -0.0334318321071 2.92998431927 679.732460047 
0.039850262859 0.030781913851 1.78473754668 1266.45703617 
0.0552317946421 -0.120843041865 2.03210939759 2257.29783413 
0.0818748818851 0.0769587998504 1.03875353706 2116.26172089 
0.0123645614561 -0.0400960236927 2.73664682345 1471.43599436 
-0.0810525264278 -0.0158827535794 2.08723838543 1584.28961381 
-0.0230833151651 -0.000215996995548 2.34948435398 2187.07465232 
-0.00536690458164 -0.0127755490405 2.04989599497 2333.48608023 
-0.0963488332984 0.0274485601451 1.31391466119 2305.18714277 
-0.0461936737887 -0.0595370165846 2.16163827763 2270.25619205 
-0.0432934183238 -0.0741066386907 1.93492837596 2205.28407444 
-0.0402637065022 -0.0312959220882 1.27003321291 2282.19758322 
0.00905731705385 0.0175487661529 2.4577365564 2157.823296 
0.000146165043416 -0.010893965592 2.35028142196 2256.42789032 
-0.00508280898756 -0.0533577626509 2.37402811963 1964.16684898 
-0.0128487297221 -0.0591035797575 1.97374961556 1963.84620168 
-0.0586308112416 0.0121805305252 1.56188510096 2369.8528007 
-0.0356684016074 -0.0687070296052 2.92530590428 763.712117646 
-0.127813119469 0.149183590854 1.40754457067 2287.4982082 
0.00341239669862 -0.0436712618656 2.74046374041 1959.48494335 
0.00297328297513 -0.0266589468192 2.62100709674 1936.590335 
0.106928393908 -0.278230785526 0.92091475891 1687.46427179 
-0.0149143832945 -0.0388350904115 2.57438199481 1579.26326711 
-0.137529407687 -0.0391197899769 1.98933960844 1938.69189962 
0.0216863933164 -0.109832220345 2.46624475557 1538.51790919 
0.0434614275843 -0.133646118957 1.57666360487 2330.85179372 
-0.00626650662353 -0.0325172179057 2.87001701571 1689.6806966 
0.232844697513 -0.0959761414106 3.10329233927 114.02324806 
-0.0276691612572 0.0544837865718 2.0227459851 2329.9034869 
0.114039844501 -0.0770570739798 1.94145051781 2267.00068926 
0.00492041288921 -0.0498267901658 2.91406102569 1343.08197437 
-0.019004747495 -0.0392720766679 2.3220831819 2197.20164488 
-0.0130714285139 -0.0196906651665 2.65761943069 1545.70658229 
0.0324212136827 -0.00949382082501 2.38219766227 2228.91202858 
0.134830282579 0.245412260796 1.54170364607 1252.74603988 
-0.0496335670796 0.032226143198 1.90630599721 2006.77645018 
-0.0480704380548 -0.0103161178614 1.91440397294 2326.58598259 
0.0501505281856 -0.0883694837258 1.77203666731 2292.40266779 
-0.022969341351 -0.0257405353643 2.6319716559 1499.24913059 
0.0333180067138 0.0621596089979 2.12441704022 2272.02132748 
-0.0625140872825 0.0836770622319 1.71572134303 1874.35559198 
-0.00974886242837 -0.0303822282665 2.62786944389 1880.57888168 
-0.0812475720676 0.0367677579977 1.53311638057 2356.57805541 
0.000911549189286 -0.00952570293341 2.72793054219 1760.15536951 
0.00801049650822 0.00528283338747 2.44736116957 2146.40101902 
0.293505159838 0.107170857848 0.921829348812 1753.69134897 
-0.000287825372188 -0.0220912993574 2.60969054368 1593.16115508 
-0.00945351101568 -0.0458706413653 2.59810016829 1926.12382567 
0.0100036151859 -0.080084194847 2.30841392893 1998.08281984 
0.142924455652 0.0224608554202 1.13197328941 1481.80938114 
0.05822224701 -0.0934245614676 2.0126336504 2045.00033075 
0.0564396161308 -0.111396176611 2.12640802994 2234.06485652 
0.0908333063573 -0.0534495189987 1.97524464395 2270.55219601 
0.00412365481245 -0.102235973596 3.08516280758 638.353823453 
0.00309115350718 -0.0276289576599 2.67130437024 1804.9680931 
-0.0282562981345 -0.00909648791857 2.38186618429 2043.15761309 
-0.060361338261 0.129670107411 1.89193163371 1848.84338174 
-0.00562020905502 0.00722239038169 2.77509111161 1779.93318912 
0.0580182324999 -0.117185209206 2.02909093857 2262.97210055 
-0.0413016416979 -0.0131959627138 1.9926809222 1839.519754 
0.0454881164963 -0.0984545187904 2.09240636131 2139.68977399 
0.00480053862981 -0.0252343205425 2.75373872018 1474.83275805 
0.112907015886 0.168472285901 1.60415502169 1545.42695293 
0.00503529689722 -0.0270294019935 2.74009090239 1523.10529331 
0.00731681333254 -0.00844794641514 2.57257302158 1792.10344289 
-0.00738769726599 -0.0431980982168 2.22128455167 2319.33334148 
-0.0148480231291 0.0150809266032 1.93654553242 1698.54492153 
-0.0191927169299 -0.0570535214096 2.31604144316 2044.5403671 
0.0549058541157 -0.0459769400801 1.91211308062 2372.94003549 
0.00484506640107 -0.0878034443976 1.9464963199 2235.04494943 
0.0198165489167 -0.00911562314364 2.41785162584 2217.69193032 
0.0527554296033 -0.123296372535 1.47827914218 2321.88374816 
0.0237110556205 0.0535922759844 2.11663147544 2270.37001493 
-0.171366609257 0.0789019964579 1.63600313428 2241.22524529 
-0.148427237022 0.0331650430816 1.73147021299 2229.92826714 
0.00228137717525 0.163051255792 1.72280379689 1679.31667706 
-0.0083450056956 -0.0211534011204 2.76656126974 1428.20227188 
0.0669443383522 -0.10586198439 1.98664922971 2262.04926669 
-0.00161741829098 -0.0723399863122 3.09868683888 630.587809177 
-0.00248487424012 0.00865988397701 2.373756697 2201.65435711 
-0.0168512888518 -0.0193760845199 2.46153622076 2026.08025726 
-0.0382693637046 0.224548670318 1.958199567 891.861517691 
0.00504935634904 -0.0195555525064 1.89352956288 2384.47736523 
0.00358258266718 -0.0465419503671 3.02529979904 1096.11713478 
0.00187518687098 -0.0571725683702 2.90652916044 822.210963576 
-0.0522157500606 -0.0579735076653 1.54126533183 2327.80909478 
-0.0148530241564 -0.0235318590388 2.63427586585 1925.49637129 
-0.00899779858283 -0.00520971575524 2.72215857345 1764.45824966 
0.00765602417 -0.0406579922259 1.65154453157 2379.19998156 
-0.0100592168141 -0.0231184769212 2.30821276826 2301.48332492 
-0.0691279189348 0.0998372636977 1.7609147425 2067.76871366 
-0.0225618221418 0.00529998712339 2.36117360331 2182.11692945 
0.0542617221648 0.0913376174809 2.11196739887 437.625106701 
0.0657722333532 -0.211795504787 0.869755008277 1842.33529754 
0.0705236033932 -0.128323497512 2.24588306189 1968.73506915 
0.0479065628459 -0.111484845983 2.08957480698 2222.13167653 
-0.00533982227335 -0.0605186248314 2.55317171864 1539.36821895 
0.0050242011411 -0.0470358617146 2.55294234431 1960.61453563 
0.0135259985243 -0.0233702104619 2.67175248744 1566.81141101 
-0.0694816166928 -0.669445457067 0.693738772766 1545.56793232 
0.040069529717 -0.108374622537 2.20468869342 2203.51235564 
-0.00196239386635 -0.0363205441173 2.94692237705 632.34968326 
-0.00857591220612 -0.0537414358985 1.36434293341 2327.69828302 
0.0112429724257 -0.0467331638409 3.02611085965 596.972023046 
0.0163642000328 -0.0609285644938 2.62263874427 1074.34636978 
0.080334958446 -0.0908102380991 2.31912447655 2055.40630927 
-0.00434768464463 -0.0401937098851 2.50370745087 1793.92987667 
-0.0470680160473 -0.0736045680768 2.77057838367 202.562406728 
-0.00816059427624 -0.0625852035769 1.48351846693 2326.73544714 
-0.00356417187051 -0.0463365364934 2.23055964823 2317.67417174 
-0.0204839959126 0.0275043362368 2.16996103897 2306.04203818 
0.199709280125 -0.389317855864 0.780278803592 1784.9538912 
0.00333018995375 -0.0661324340696 2.96602160187 997.681282985 
0.0557378582666 0.2877801673 0.551489016832 2168.45053983 
-0.000242152630595 -0.0349184256166 2.71107271678 2067.31046565 
0.0107494528794 -0.0306327980152 2.49259484948 2084.97460128 
-10.9280062889 -33.0494757496 0.635794347728 1579.27460764 
0.15437161935 0.32070501874 1.18547944016 2100.98627395 
0.140706768705 0.216665082962 1.33320935811 1844.33913041 
-0.010596896782 -0.0418657467005 2.77069762986 1903.90381449 
-0.0130206409618 -0.0519430794302 2.27617961099 2195.30833964 
-0.0211269897123 -0.0285133174627 2.58354455011 2050.66571081 
-0.0106413454249 -0.0266245049654 2.48457138103 1936.11415748 
-0.00416004985975 -0.0313894595059 2.86880711412 700.802614861 
-0.0460805376884 -0.0337229489671 2.32036081676 1622.08429742 
0.0325757439882 0.0106630243149 1.07318488814 2132.83392164 
-0.0409133223507 -0.0758414050767 2.0101449499 1915.66604541 
0.0968329372049 -0.103630829193 0.8656175026 1894.94662941 
-0.00867400310992 -0.0461691046425 2.7419149013 1973.3289061 
-0.0543996256389 0.0991115313816 2.15279104236 1267.6009024 
0.0169116937222 -0.108915288741 1.79013173007 2332.24025127 
-0.00146172627416 -0.0113536627879 2.71690604116 1773.10735983 
-0.158287379313 0.223628846176 0.726864689485 2107.181561 
0.0940404625385 -0.0728718863949 1.99817114202 2265.90865866 
-0.00189800919304 -0.0406472418928 2.93555949633 1310.30078766 
0.00242022021265 0.189960335237 1.97522785117 699.762182336 
-0.0731128620438 0.136551739441 1.52422886583 2085.667243 
-0.00141630949754 -0.0234507588106 2.86712902454 1458.35069437 
0.0150236564198 0.0976884823349 1.81130897778 1247.22208097 
-0.0986604918363 0.0618224257964 2.01170821545 1955.30895815 
0.0130130326805 0.0277941701439 2.06113976958 2275.03377071 
0.303749830914 -0.0545033063616 1.23327957557 1564.82055926 
-0.00645259465544 -0.0151031064685 2.30406794872 2246.47895187 
0.0230648063137 -0.0641060359148 2.37590447415 1973.03645337 
-0.195267571962 0.275984073077 0.747247270148 2215.47820776 
-0.049353319827 -0.0478421613709 1.86689395577 2234.8786564 
-0.30538255712 -1.10158962892 0.731282823827 1523.79840178 
-0.0395307091521 -0.0338324217118 2.03201191336 1791.02126467 
0.167035974318 0.202043584927 0.827246149262 2253.74815188 
-0.00717882399271 -0.0472791290574 3.11231003792 710.897696223 
-0.00542970179074 -0.0199687122136 2.84225631925 1815.59882666 
-0.0693129920655 -0.549848640314 0.405812410441 1423.48150873 
0.0319234560292 -0.089443614095 1.62185114469 2357.58831639 
-0.103458132304 0.0283870327111 1.8308577304 2073.53292905 
-0.0118479497191 -0.052132154681 2.83732025555 1057.6328916 
-0.0777328991859 0.158142835825 2.10432644782 820.549015608 
0.0237704999775 -0.0880812442361 2.06809723736 2284.78573113 
0.00270168299664 0.066065766247 2.05415780806 2296.68440511 
-0.169843794619 0.0813204234218 1.74861869651 2110.88095326 
0.137296564587 0.0127898386015 0.255587560772 1523.070432 
-0.0178756979878 -0.0189889192312 2.58833639632 1984.12519728 
-0.0304839470076 -0.0550005291241 1.84323602271 2283.98041778 
0.0138320036737 -0.0331623684255 1.91666198633 2302.4910676 
-0.0921881661866 0.0975729444132 1.40401619057 2298.86891222 
-0.100049383863 0.00648211821454 1.30534916244 2284.42685406 
0.109153269382 -0.130899677951 2.08666708453 2072.08841942 
-0.0270550973356 -0.063887273516 1.89602848467 2236.75490024 
-0.0783687071351 0.0328763130176 1.58033324821 2335.81230158 
-0.255768328752 0.179381824954 0.972500300736 2238.16919692 
-0.0328438843263 -0.0307587488691 2.28074326135 1625.73595092 
0.226116317911 -0.255775387262 2.85073378894 180.066717527 
-0.00109960109447 -0.00621146529145 2.47408759096 2091.77686893 
0.0366472195646 -0.158922545895 -0.0647582904417 1586.05188233 
-0.00985345020813 -0.0245086785741 2.30158761994 2307.48286158 
0.304819239793 -0.206987817094 1.24900689585 1279.73670539 
-0.0159169979558 -0.0337051238655 2.14062501938 2312.12856289 
-0.00658283844694 0.00692562727033 2.29956449978 2315.47974416 
-0.00415395498441 -0.0453051106886 2.8846853383 561.007407607 
-0.0154358259564 -0.0298776523657 2.2315559137 1981.47114622 
0.0122557845201 -0.0872707374687 2.27968969485 2047.73225439 
0.05310759627 -0.135547385194 1.71694354208 2346.98317489 
0.0377824141734 0.316259829596 1.27554664005 2092.43779398 
-0.00453757947782 -0.0151627261991 2.47711163105 2038.00017257 
-0.122626665575 0.139068196217 1.39172449883 2296.66228695 
-0.148912955048 0.274995275271 0.748462595358 2223.89023969 
-0.00261662499536 -0.0267546260707 2.41115088435 2252.9892063 
-0.0132917579292 -0.0720547405223 1.84398478769 2329.62994011 
-0.0145611475171 0.022588734586 2.22428277243 2308.08800094 
-0.0955059236141 0.210327252849 1.3699783126 2249.26910005 
0.102514545979 -0.137640063949 2.15985975616 2154.6390093 
0.00984106842981 -0.866026823969 2.0559353052 29.7088196152 
0.00391912386031 -0.024191379145 2.71255444954 1567.99069453 
-0.00130367717739 -0.0145855101763 2.58144385597 2108.68920967 
0.00490337109885 -0.0255247444621 2.85481735277 818.624476611 
0.00302801091248 -0.0363184378147 3.00082444398 1180.50163208 
-0.0555616805816 -0.0260181911146 1.88799491997 2139.1160044 
0.0886374695744 -0.230620924823 0.972405305711 1665.46831877 
-0.00640017031274 -0.0226083100952 2.54378748591 1997.81516438 
0.0396865186803 -0.10527617966 1.55368733403 2332.68072694 
0.0663409279131 -0.0427281675468 1.04024299323 2096.89874783 
0.00637226884298 -0.0225108476039 2.71600921832 1997.92860548 
0.0437418372922 -0.101484316185 2.23919727108 2131.25344995 
0.0523287097311 -0.011280405499 1.03164183369 2141.85003855 
-2.14694952848 -3.88461170714 1.46633547874 501.009324011 
0.101373567788 0.23466571396 0.768614250611 2240.77709624 
0.0103483325726 -0.0733687402403 2.52532541101 1553.92459732 
-0.0142444779826 -0.0690025080341 2.60081626685 1345.45580578 
0.34883959769 -0.332974315295 2.90116342105 112.272235103 
0.0872638468481 0.222017673144 1.75843844882 664.843646289 
0.115193094148 0.197108415816 1.34730882136 1930.48921323 
-0.0265264232276 0.124874222031 1.24111055695 2227.2252245 
0.0381682921694 -0.0437009073645 1.76323622075 2374.02189183 
-0.226709397171 0.120501853123 1.63076042169 2204.64598074 
-0.0677947448869 -0.0356414170578 1.80295282138 2262.84928387 
-0.0303353847672 -0.114806623871 2.9803097582 592.298372917 
0.0109098794844 -0.0361330016972 2.65529968519 1839.8489539 
0.00681168356687 -0.0569844743144 2.86568763569 1307.67328935 
-0.0590859663179 0.00235561735412 2.21308147342 1687.01296011 
-0.029053813395 -0.0822401567987 2.48763942272 829.495694195 
-0.0170512438372 -0.0193474265719 2.46807300199 2012.65015976 
-0.205512070234 -0.639890244078 1.30651350163 1158.50098265 
-0.0848874642191 0.0447554039837 1.37195831079 2351.67491748 
-0.0241814179817 -0.0212408686775 2.20490097926 2321.82482525 
0.00424902384957 0.0161746542161 1.99104258745 2292.2765253 
-0.0901274085249 0.0197884377541 1.84731673845 2051.30706355 
-0.0758467633438 0.0216705846564 1.41308563327 2351.28802919 
-0.00517769841605 -0.00427485578088 2.7256054254 1804.4536473 
0.000825218856744 -0.0636564110741 2.82165111691 1405.60233959 
0.0558436716597 -0.0459683186425 2.03711859269 2267.21907984 
-0.0180976661352 0.0240211992646 2.03409044942 2339.31685937 
-0.00103693855653 -0.0491883019557 2.89277482412 1070.88741392 
-0.00371262544579 -0.0330942443222 2.37437476677 2008.29989429 
0.0500303624179 -0.134527498343 2.13040914135 1927.96449967 
-0.00530151384169 -0.00532983936198 2.72239930585 1801.88567456 
0.026468621343 0.0162238212164 2.52845330694 2076.59598703 
-0.00860352891373 -0.00929496708688 2.355681216 2251.48731605 
0.0287289260329 0.12831748445 1.67398873914 1905.48737462 
0.0355069581976 -0.0847790599551 1.66928184931 2368.85366888 
-0.0438055316703 0.0494875108434 1.98942148196 2326.37657531 
0.19214912307 0.121935640443 1.14017622317 1869.62600693 
0.0716829823364 -0.0880775352877 2.03208346511 2267.22673148 
-0.00982985259128 -0.0217980532815 2.43471602779 2048.31616511 
-0.0021720017309 -0.0596555210982 2.34853468346 1773.78175358 
0.00208116163121 -0.0358662294701 2.81028720159 1155.32442087 
0.0498140614442 -0.116984794397 1.53830786795 2324.43261492 
0.0164523345248 -0.0178033476941 2.46910047976 2124.95015921 
-0.0394667296287 -0.0776380805464 2.01326335186 1915.03614896 
-0.0249880288008 0.0510979551822 2.0299945759 2330.75088889 
0.00625574522351 -0.00915959124858 2.57335477951 2141.05861799 
-0.11932050698 0.0185056117529 1.69986064352 2233.22555665 
0.105411423965 0.171130800591 1.74988993914 1704.7401354 
-0.00247168628375 -0.0367091679542 2.96858441354 1119.54031692 
0.238489954851 0.185472108401 0.55252815068 2136.86067565 
0.006179432994 -0.0411215795146 2.73145918903 1980.21873825 
0.00556989357915 -0.0264157785877 2.89796420608 1521.91600965 
0.0650611670409 -0.13156709563 2.08219101645 2244.38907204 
0.063680171695 0.212754080247 1.39429721898 1844.93262716 
-0.0116802186139 -0.0216691015485 2.64090990232 1979.79403363 
0.0313374148281 -0.0596424606802 1.99393539982 2331.60963294 
0.0396303764449 -0.107242197064 1.43460390069 2321.68146754 
-0.108612199945 0.0359111376133 1.82483231211 2054.63753716 
0.288239152942 -0.246829138788 1.17452470355 1463.782104 
0.0108441646098 0.00199347655 2.42457981779 2177.90715271 
0.0471667335158 -0.0607969521877 1.77356480668 2388.77229759 
-0.0536203659063 0.100385982848 2.17528084572 1157.58093374 
0.0516811034798 -0.119087245452 2.18181590245 2213.27601651 
0.013224096606 -0.0933607547063 2.21664937963 2219.51730815 
-0.025712606362 0.0453474300133 2.02556573985 2335.39328667 
-0.110987219536 0.135319543902 1.36137135387 2302.07628119 
0.0089207749463 -0.0829303301002 2.01019483023 2167.75970824 
0.0121657788928 0.00906673960846 2.44276768432 2179.12194941 
0.0548466542847 -0.0766622914654 1.78131227849 2282.37108633 
0.0950780658912 -0.0602013902041 1.93511204985 2275.83155254 
-0.0111643602573 -0.0110370295694 2.57882103043 2053.05985281 
-0.0134919971711 -0.0669039144192 2.54105611511 1625.07639858 
-0.20607056295 0.0810074399237 1.71538037929 2181.68574703 
-0.132358859683 0.0521141377463 1.12107370848 2245.88700365 
-0.00728639307979 -0.0349043492392 2.60466731598 1897.24968769 
-0.0872870381993 0.260766113759 1.37063550738 2182.76550579 
-0.0805661059144 0.0102357459118 2.08554896591 2016.89569277 
0.164972436856 0.133280506618 1.01716192644 2109.59743478 
0.00123386999542 -0.0332672341231 2.98836318142 1217.85637586 
0.00442424500337 -0.0937397182612 2.50540994562 1570.24357919 
-0.01281813333 -0.0311057701324 1.98782039098 2058.37640272 
-0.0271023074272 0.0143501478894 1.23616694893 2281.50995806 
-4.18493160421 -5.59413659897 1.28174029236 763.171650514 
0.0119111887777 0.0047920084388 2.37102060069 2216.48275229 
0.0155842951035 -0.0672113608101 2.23732453659 2288.86250445 
0.439744087864 0.20543121088 0.897978466158 1849.36445271 
-0.0606691554984 0.0611974107071 1.25624618284 2292.85800341 
0.00492133050158 -0.0331397271544 2.85294113285 1428.71520054 
0.00190613880328 -0.0803831850706 2.27965748662 2097.4321946 
-0.151633662598 0.0713829400714 1.78548250713 1979.56172229 
-0.0024817635725 -0.0344844666533 2.73944020228 1962.85807559 
0.0127062796894 -0.0511788272569 1.82736070348 2384.71157853 
-0.0515931372972 0.118997522687 1.23987414856 2323.1615812 
-0.179122864078 0.196200383268 1.47613338022 2216.75248437 
-0.0587706419426 0.00558453971952 1.66110882396 2327.29654523 
0.024578932478 0.0042823939314 2.57041536043 2061.20033304 
0.435408504786 -0.357815840151 3.13269850439 54.7014890875 
0.00019071878788 -0.00189692105563 2.70802078701 1420.19607545 
-0.00611570005209 -0.0382102788899 2.27331706163 2310.68373106 
-0.0140371255897 0.0199628384301 2.40506760261 2156.42956875 
-0.00242394635434 -0.101870387507 2.98484329693 731.539820773 
-0.0115780195655 -0.0887337582838 2.53992241856 1534.19262853 
-0.00476283278832 -0.0456092820086 2.88899601264 1556.40722516 
-0.115420106515 0.263427574478 0.779079211306 2234.89163343 
-0.00287457304504 -0.0324667336913 2.92702159925 831.661366182 
-0.0479750757734 0.067636392569 1.84969424998 1962.6315184 
0.00602548319774 -0.035914950338 2.92343399322 1432.4560838 
0.00663640446941 -0.0445134538228 2.9101322443 1246.59856558 
0.0529074458273 0.14819856703 1.43344428501 1785.26317664 
-0.00444233733074 -0.0339231698591 2.81760889406 1737.74306368 
-0.0864733587488 0.230344118256 1.36436251789 2229.12022589 
0.0471153514479 -0.134118798754 2.2107471637 1946.42389706 
0.0426406711262 0.00268269793892 1.00088288351 2126.66154914 
0.00161428068537 -0.0014443010981 2.76214463014 1713.49787982 
-0.148092147064 0.250507648912 1.47345811917 2089.71262579 
0.00424529924415 -0.039624837524 2.84782732084 1421.09981969 
0.00728775194072 -0.0169787521337 2.60850447141 2104.64773574 
0.03782623424 0.056839217904 2.15449833654 2265.66750592 
0.0379974480998 -0.121533680076 2.13797940573 2251.6719581 
0.0191675686408 -0.0227727663229 2.41716070349 2205.23887316 
0.0368449644489 0.151129313627 1.61066211803 1556.30658353 
-0.0209785631903 0.00297781433281 2.09066228648 2321.9549128 
-0.0459027031218 -0.07150761089 2.15176351157 1653.94366228 
-0.101477766093 0.119328822988 1.62540114287 2079.41925569 
-0.0123761226288 -0.0163601487328 2.40502391386 2096.69349256 
-0.00406027861694 -0.0735522009954 2.32324390134 1986.70330562 
-0.0814315797414 0.120782983515 1.75811538175 1748.12340739 
0.0651260320562 -0.109491810431 2.0294050493 2266.88561752 
-0.0163080100797 -0.0419856160132 2.777334134 804.916394745 
0.0154372560519 0.154304864353 1.64529625026 1589.80377172 
0.0596650535297 -0.0483054179637 2.49515268164 785.986494456 
-0.0109724174735 -0.0428270398106 2.1559730413 2310.62956012 
0.0135919654707 0.0312229220295 2.24595143804 2285.1918052 
-0.0481234709612 -0.055238111036 2.1617133536 2270.20371385 
0.012866626839 0.000185731425467 2.41754847379 2192.87794188 
-0.182042524266 -1.37278809618 2.14294040834 21.6317522959 
0.0210393781942 -0.103800329875 1.47700306747 2332.99728582 
-0.029745247947 -0.0198619189489 1.58123762528 2373.22004271 
-0.0120986957335 -0.0361610076066 2.47702955437 409.133573555 
-0.0638270810756 -0.064129430034 3.07289174113 831.900932174 
0.0515220427702 -0.134825032637 1.54941978771 2330.4783942 
-0.0371126175635 0.123778879094 1.25178644105 2244.31805091 
-0.00459518865504 -0.0100677475331 2.10018936074 2267.08751778 
0.000917976204413 -0.00913331286144 2.98855484737 775.459072003 
-0.0595003359888 -0.0439714580455 1.8666673114 2229.65396536 
0.0493268789557 -0.120237504894 1.71288444357 2357.70511879 
0.0405677458805 -0.0648805180032 1.95485054474 2336.57712049 
0.0234406544526 -0.0739672335672 1.98966609284 1999.81491644 
-0.00668093805578 -0.0298832726777 2.64224920548 1856.7661266 
0.0535770998226 -0.111522554015 2.11502977729 2234.89699875 
0.0093754592949 -0.00564948228283 2.56315819133 2114.02848856 
0.0580538313514 -0.0449202321735 2.03339460081 2267.36617729 
-0.0403484941136 -0.0537736353143 1.84360002567 2273.87436983 
-0.0110689669554 -0.0360254603017 2.61299123813 1435.62771928 
0.0133069962477 -0.0975730068193 2.48862848226 1574.45876251 
-0.015451984246 -0.0245766242681 2.2579750186 2329.76308748 
-0.0023344386212 -0.0903048519231 2.03071789763 1928.65986259 
-0.00784889767201 -0.0644992860585 2.84022142744 1182.70021489 
-0.0242668225644 0.00623950844036 2.46209257074 2048.9154641 
-0.0784135872689 -0.0920175665423 2.06632057709 1923.54630605 
-0.108981141131 0.070907493193 1.55946136674 2246.83035604 
0.0197711914092 0.112183347246 1.64430392301 1717.05477846 
-0.023646750333 -0.0480344429338 2.44947131519 2183.95238385 
-0.0308662383014 -0.0188867662663 1.93371441357 2109.97298706 
-0.0193086835315 -0.0341623702544 2.40804890372 2231.76916554 
0.0488662096607 0.173691404111 1.48198423789 1940.24894707 
0.00255112027178 -0.0287011004732 2.89067137421 1452.55896184 
0.0599890951349 -0.0505315887123 1.89189662082 2373.95024854 
0.0653263445861 -0.135404065982 1.52038938074 2321.93457791 
-0.0917927667692 0.0368830072501 1.31862498535 2317.58344776 
-0.0164989919402 -0.0247656656182 2.38377336127 2094.85290653 
0.00115160370617 -0.0124784409648 2.56005429642 2098.1023711 
0.0134776782498 0.010243205409 2.40748847611 2198.68758766 
-0.281804539198 -1.15145781236 0.662657376674 1460.41124194 
-0.140074370584 -0.0255851977431 1.98831488548 1948.64734065 
-0.013940814416 -0.0374159096064 2.80834864974 734.715653179 
-0.0110451506071 -0.0618816389027 2.8477472952 1112.72099887 
0.00111679784681 -0.0163113965203 2.8284340469 1208.23185017 
0.21921422248 -0.107612814531 3.11097260708 144.303135268 
0.0577753077401 -0.0566961309116 1.88323680001 2364.98196465 
-98.4664326684 -330.505311013 -0.592845048014 793.395014984 
0.126887351385 -0.300626850684 1.25027963155 1118.15486807 
-0.0188311222033 -0.0289101464113 2.14273294536 2313.05712318 
-0.10339893425 -0.0460652283022 1.96597404561 1910.39825758 
0.0359160388419 -0.0653339866804 2.36763897153 2039.45742869 
0.00347669778134 0.00527963270236 2.46053645536 2139.2339619 
0.514732143295 0.0367287157043 3.20530560308 60.6733794433 
-0.0108599536953 -0.0550653480107 2.27416649223 2190.92850757 
-0.0461676458714 0.00504626601287 1.95968634622 1939.61986729 
0.0100996732288 -0.0817703391567 2.46558989347 1620.92680054 
0.00658669964481 -0.0864595843065 2.27087476022 2080.21636167 
0.0347793908164 -0.105837557759 2.18434640884 2059.86540463 
0.0136237322525 -0.0687735192079 2.3780414903 1459.13389276 
0.451513122843 -0.0354739717469 0.797264246178 1763.09446362 
0.0555635968354 0.320838114947 1.26104121375 2069.54465656 
-0.0106396906623 0.0178990325705 2.47711270889 2054.46568249 
-0.0218663689386 -0.0554277257099 2.47725855366 2129.38583325 
-0.00471291041408 -0.0237608534786 2.65219754946 2030.5652656 
0.0139804454651 -0.058327596328 2.57910598675 1903.28793725 
-0.0171581158013 -0.0152181973365 2.27000473928 2333.10389079 
-0.253280061391 -1.03297334419 1.1866234438 1004.23762136 
-0.01129488744 -0.050558136686 2.50767963461 1761.74097595 
-27.0619556738 -37.8670247778 1.33766091024 410.155202177 
0.00959301807107 -0.0612296386316 2.350808757 1892.64412048 
0.753182653431 0.2712294501 2.98582998899 10.2636501278 
0.0206499034143 -0.0974929440855 2.02991358114 2266.50254406 
-0.0140886396199 0.00999648044425 2.04600837092 2336.28018675 
0.0362892423611 -0.00517985748741 2.00679420397 2278.05144333 
0.262806214071 -0.0267624756905 0.836978827061 2055.58171072 
0.00668097813295 0.0258372015488 2.25675012503 2291.80987933 
0.00933627840512 -0.13128430737 2.16087257547 1924.29893229 
0.0428121113503 0.0573983148191 2.16985469126 2265.7534468 
-0.218036230995 -0.552454721401 1.21369855231 1193.85683792 
0.0156476508884 -0.106797227955 1.79403140995 2331.28502953 
0.0289889061516 -0.0285025471111 1.88802308992 2387.62739858 
-0.00642692927648 -0.0560014507212 2.49227721179 1745.61821765 
0.0010526782487 -0.0802600595452 1.4272707864 2300.86976286 
0.00240631303193 -0.0754532222238 2.90930112236 644.73639126 
0.00598101192523 -0.0369765597267 2.81343654468 1786.95762248 
-0.00475074046316 -0.0513172798944 2.48935489489 2107.78407186 
0.00704129062566 -0.0618786232104 2.2625025566 2267.93110696 
0.0681585475354 -0.128155124704 2.26512032375 1945.43631034 
-0.219808832644 0.17266823923 1.60444444773 2133.10223947 
-0.237687702323 0.264114895767 0.744030387108 2184.45798447 
0.0231404755248 -0.0181773576639 1.95505764905 2370.51969123 
0.0075174926396 -0.0123502856996 2.37981321294 2288.88762722 
-0.0194249212746 -0.0257931624375 2.37161945409 2117.73770419 
0.0208744395914 -0.0395940810482 1.76082155049 2360.46442035 
0.0298181475473 -0.105090350995 2.20784830217 2055.61362431 
0.00698075762943 -0.0285645424641 2.8747392373 1423.49005787 
-0.0204456296373 0.0515790100404 1.8657313071 1881.78734619 
-1.1372604409 -1.60722921059 1.09388562808 1199.44291579 
-0.0497554994888 0.0032158931525 1.65542361818 2339.60640279 
0.00068235749901 -0.0338717844263 2.7127134773 2063.86160488 
0.0645746991024 -0.137241211511 1.68293397961 2347.80329092 
0.00262703115964 -0.0519796686504 2.2078145267 2071.15803717 
-0.0176393734067 0.0140747406273 2.38422655101 2173.65534455 
0.0375873453607 -0.14524690445 2.75907616601 489.881478377 
0.00409681347189 -0.0245140867377 2.71543531139 1565.94069045 
0.0214627029029 0.00241828562311 2.42241135608 2196.4199223 
0.00226833597791 -0.0278783078913 2.88828993815 1517.84689491 
0.0107114247681 -0.0275929996905 2.70241613858 1935.41181556 
-0.00197615841442 -0.0550330972621 2.40295520579 1440.54303015 
0.00364406435309 0.0199796389706 2.22845371612 2259.57291281 
0.00546209194105 -0.0298324470674 2.80439733644 1854.65162037 
-0.0186347464431 0.339789030979 0.425519604559 2075.34279425 
-0.0987165158941 -0.0113202842712 1.75758458946 2245.50981142 
-0.0873847249785 0.124411516163 1.82934649252 1805.66506675 
-0.187754897717 -1.80761199128 -0.423204990017 982.162426256 
-0.00747056501664 -0.0181400290606 2.6192325196 2068.97873224 
0.165310704116 0.201574486687 1.28499465523 1857.96411931 
-0.0370508538658 -0.000929649143793 2.16887822958 2265.72985165 
0.0263541275448 -0.00812755423066 2.34886520769 2246.04400238 
-0.142974205482 -0.0210970227848 1.98091837484 1946.42383231 
-0.0733203735686 0.12214812092 1.70202600841 2065.25507106 
-0.0806951017978 0.110086762577 1.33233199358 2296.8862256 
0.00945324237558 -0.00899397042044 2.76278383392 1716.64401559 
0.0223621902221 -0.0785988896952 1.72898606429 2294.54576443 
0.0773541402933 -0.150973981214 1.59772251646 2330.90432853 
-0.239297426917 -1.06833769585 0.622121720066 1445.17280184 
-0.0180490075635 -0.0583387060547 2.584334272 1578.22098451 
-0.0019032401671 -0.010275889329 2.30130750415 2255.91762907 
0.0058969491521 -0.00164521644521 2.38660069287 2234.49781551 
0.0134378920458 -0.0178540683625 2.64007214951 1887.30828117 
0.00103248628772 -0.0504615466358 2.77265649311 1819.16172914 
-0.0174675979151 -0.0248923856571 2.30264550165 2216.48145236 
0.0441470737351 -0.113254844932 1.51402296014 2318.63051732 
0.00168566758603 -0.0508598747221 2.73518807053 1555.44532769 
0.00708942581725 -0.0749761656076 1.51692151364 2333.17108023 
-0.079316563373 0.0117708283955 1.67420919954 2267.5217964 
0.0584201230733 -0.114690510422 2.01577468813 2262.06083839 
0.223305405369 0.277377433744 0.134372489412 1665.18165512 
0.0545677155828 -0.107091557774 2.14798312826 2248.47589016 
0.00272775406688 -0.00204616920032 2.82582045473 1721.03552494 
0.0447482980514 -0.113754263453 2.00324799164 2248.53449404 
0.147361567266 -0.0298377303768 0.193436063699 1469.03410695 
-0.00635807112252 -0.0893601845263 2.13977121929 1855.07554881 
0.161818977229 -0.471911898835 1.91133486736 46.2652371068 
0.0485380201065 -0.0261781595989 1.04296548833 2089.51925191 
-0.00418113890665 -0.0409922849514 1.61684297613 2374.06342194 
0.0032887942646 -0.0381069857245 2.91901136804 1096.54153676 
-0.0294010151702 -0.0061132123778 2.34054101867 2178.20285583 
0.0130260648317 0.0556544101487 2.06849912471 2282.51391587 
0.0723138580667 -0.118094383777 2.25067826491 2002.04267363 
-0.00418838378046 -0.113079966266 2.95399766932 509.493731831 
-0.12055661366 -0.00173449607036 1.80902818346 2162.23901824 
0.00786758891605 0.210430913269 1.44231092162 1988.52096125 
0.00614556565795 -0.0315926610207 2.93425109961 1403.47881373 
0.0096705569074 -0.0744350270742 3.07756329623 478.933384799 
-0.0339454736224 -0.0471616909334 1.84643083483 2367.50644423 
-0.0106741989974 -0.0312888592246 2.26374412952 2324.54952313 
0.0224526716964 0.0508989707783 2.18536551054 2281.22373928 
0.0359008803106 -0.128446121206 1.75075190387 2337.2582897 
0.997908964129 0.98970439406 1.488891347 1.60019877627 
0.033078453528 -0.103904908604 1.43206900048 2308.96087217 
0.0203996190168 0.0220055635722 2.48861777899 2109.82421484 
0.0149992284669 -0.0835990988843 2.44391712526 1606.55583705 
